
W1:
0.0307486 0.442119 -0.195152 0.0389234 -0.288147 -0.0127956 -0.131825 0.142317 0.210887 -0.0206278 -0.138761 0.0935558 -0.0635591 0.354523 0.33761 0.168949 -0.0526298 -0.057967 -0.0229772 -0.242388 -0.0511819 -0.0504713 -0.00197407 -0.0495969 -0.172545 0.00919013 0.0566456 -0.00275623 0.139447 0.172257 -0.170925 0.369078 -0.0717812 -0.286838 0.271994 -0.00114129 0.518148 -0.0327948 -0.376323 0.0483678 0.0761804 0.114822 -0.200235 0.148654 -0.156914 -0.0522679 -0.0443954 -0.0563867 -0.197919 0.0904508 -0.25619 -0.000298856 -0.0766568 -0.130798 0.83253 -0.0617746 -0.290557 0.319312 0.236134 -0.0107367 -0.219321 -0.0744223 -0.203817 -0.440706 
-0.196433 -0.920228 -0.0627671 0.0263676 -0.103044 -0.0230023 0.200161 0.665271 0.0156722 0.0338203 -0.364042 -0.664306 -0.132549 -0.00574404 0.690943 0.172202 -0.0829887 -0.286702 0.16454 -0.29259 0.126839 -0.0504238 -0.541654 0.0592701 -0.0798646 0.0633734 0.14015 0.0629338 -0.0761084 0.11714 -0.130483 0.0554078 -0.103003 -0.566257 -0.0260399 0.0729627 0.021626 0.0128443 -0.0744025 -0.485016 0.163342 0.0235655 -0.114701 0.107912 -0.381904 0.225511 -0.213362 0.176541 0.170908 -0.118503 -0.575903 -0.00683242 0.0748831 0.237635 -0.132502 -0.0313297 -0.0408074 -0.416334 0.0109001 -0.165216 -0.44116 -0.117853 0.069616 0.790742 
0.0566681 0.547521 0.210625 -0.176504 0.0341201 -0.0545603 0.983107 -0.321189 -0.0385203 -0.209567 0.464656 0.320097 0.116632 0.189832 0.562723 -0.3645 0.0515437 0.0497922 -0.218707 -0.299301 -0.345364 0.0808436 0.609912 0.0114304 -0.00470804 -0.319225 -0.259511 -0.231224 0.191913 0.1769 0.482103 0.493756 0.181617 -0.552965 0.225523 -0.136858 -0.36636 0.121967 0.153571 0.264853 -0.353745 -0.158654 -0.245994 -0.17406 -0.229175 0.155657 -0.0822592 0.228342 0.12271 0.112649 -0.0432572 0.126302 0.191927 -0.173683 -0.702988 -0.0315314 -0.241286 -0.139474 -0.176518 0.0550689 -0.297021 -0.180135 -0.146526 -0.129322 
-0.0956322 0.114787 -0.326527 0.0432686 0.156055 -0.35551 0.891966 0.2347 -0.184556 0.0635738 -0.172619 -0.374157 0.0520975 -0.340019 -0.359773 0.0124068 -0.309583 -0.0354795 0.129792 -0.0770159 0.0860634 0.150414 -0.172232 0.281104 0.100832 0.112439 0.0680706 0.15531 -0.165279 -0.271873 0.418605 0.711567 0.50361 0.205486 0.0550797 0.00512232 0.063778 -0.155447 -0.351736 -0.159489 -0.220248 0.193583 0.354913 0.296646 -0.213959 0.0720675 -0.0721814 0.302317 0.172761 -0.0626911 -0.272897 -0.180644 -0.176351 0.342164 -0.0936277 0.155108 0.337522 0.0159985 0.20817 -0.180913 -0.0469949 -0.0309895 0.249232 0.523769 
-0.0820907 0.19732 -0.229405 0.0328855 -0.14833 0.0327872 0.48932 0.30604 0.555087 -0.114837 -0.232657 -0.0647757 0.289708 0.568795 -0.133476 -0.00420711 0.0564039 0.0121943 -0.163248 0.0932874 -0.0366421 -0.0827188 -0.0703276 -0.00032905 -0.125352 -0.130303 -0.00565973 0.0541451 0.273541 0.274202 -0.400338 -0.0843194 -0.104723 1.13852 0.197553 -0.0955812 0.193427 0.0304661 -0.215324 0.264278 -0.272491 0.106562 -0.17814 0.302526 -0.0660368 -0.323724 0.0400344 -0.371253 -0.171055 0.246339 0.519868 0.0418037 -0.163479 -0.300745 -0.0927632 -0.254678 -0.468655 0.0978298 0.0532453 0.335588 -0.0152626 -0.00736396 -0.273836 -0.0836001 
-0.268972 -0.216651 -0.275515 0.208649 -0.0248886 -0.0482404 -0.120372 0.104364 0.255354 -0.0821932 -0.151528 0.654502 -0.512005 -0.301351 0.257222 0.0246196 -0.00602498 -0.0335373 0.108361 -0.170371 -0.0259841 -0.0976121 0.137747 0.0116946 0.195179 -0.0287777 -0.235843 -0.022899 -0.129569 -0.129413 -0.275981 0.0699043 0.0669379 -0.376685 -0.447669 0.178025 0.134205 0.0456172 0.0130419 -0.0310179 -0.418035 0.102981 0.0458293 0.031773 -0.183871 0.400175 0.05017 0.0652591 0.553553 -0.236291 -0.149397 -0.167131 0.157015 1.28235 -0.145517 0.0796617 0.065919 -0.203745 0.112674 0.0844684 -0.247692 0.00992229 0.817166 1.08542 
0.0878348 0.237008 -0.0614411 -0.477272 0.0277521 -0.161283 -0.614869 0.0395894 -0.00110944 -0.201467 -0.130255 0.625987 0.199724 0.16445 0.0941323 -0.35441 -0.201714 0.353871 -0.273305 0.219014 -0.0363572 -0.224167 -0.228222 0.0692526 0.0829381 -0.341878 -0.0748298 0.17651 -0.180966 0.0837067 -0.00253727 0.266416 0.197223 0.0961261 0.0261834 -0.373323 -0.360071 0.0309088 0.0699097 -0.0527517 -0.234564 -0.485734 -0.236039 0.00242058 0.529807 -0.0843274 0.379819 -0.00268718 -0.0306098 0.165042 -0.123413 0.210464 0.251471 -0.441341 -0.772916 -0.0842408 -0.251163 -0.126037 -0.385673 -0.0463611 0.177093 -0.0808658 0.587881 0.012846 
-0.129458 -0.300424 0.256078 0.0504245 0.141248 -0.15546 -0.168492 -0.467693 -0.2717 -0.0308129 -0.358017 0.488376 -0.565286 -0.361188 0.257619 -0.15482 0.119003 -0.0205725 -0.0723199 0.215428 0.284324 0.0189076 -0.0367357 -0.0593555 0.0149705 -0.248938 0.0466603 0.112212 -0.0461368 -0.10153 -0.804265 0.48883 0.136988 -0.10396 0.00288608 -0.0391355 -0.424775 -0.0236421 0.171316 -0.243382 0.01428 0.104026 0.0232479 0.0618474 0.0417824 0.19593 -0.116717 0.22639 0.194901 -0.191063 0.0818988 0.0397599 -0.442003 -0.8998 -0.148431 -0.494623 -0.430161 -0.582112 0.0283625 -0.188166 0.219835 0.0444185 -0.00972512 1.32032 
0.158246 -0.0581441 -0.179593 -0.129901 -0.0751085 0.0177054 -1.04248 -0.324284 -0.0901804 -0.0836614 -0.15561 0.031756 0.532374 -0.208226 -0.331181 -0.0156426 -0.163269 0.177127 0.0216038 -0.0750052 0.0938059 0.0412721 0.961853 -0.0620362 0.0473473 0.0159048 0.24645 0.378652 -0.162594 -0.194573 -0.199389 -0.0933139 -0.0213209 -0.107057 0.168766 -0.0299904 -0.289308 0.0609284 -0.060039 -0.313939 0.0512085 -0.0257789 0.265365 -0.0148507 -0.0704794 0.126345 -0.101525 -0.0691574 0.144419 0.0237732 -0.0218763 0.121013 0.127186 -0.353767 -0.288301 0.223347 -0.142999 -0.353393 -0.176675 -0.0407309 -0.253939 0.185889 -0.789516 0.558629 

W2:
-0.0790511 0.00272958 0.0324451 -0.0196042 -0.0435473 -0.0528314 0.126062 0.0902242 -0.0545066 -0.0360012 -0.0745879 -0.0819272 -0.00750199 -0.0386024 0.0207519 0.0333263 0.023192 -0.0416943 -0.0210852 0.0353864 -0.0255991 -0.0754863 0.209764 -0.0923137 0.0340017 0.110006 -0.0538933 -0.126698 0.0577868 -0.00716179 -0.0273052 -0.0815648 0.0272285 -0.110261 0.0200443 0.0568532 0.0901627 0.0166853 0.00519467 0.0171937 0.0130406 -0.132633 -0.036686 0.00558384 0.00289714 -0.063356 0.0340602 0.0243412 
0.144441 0.0652956 -0.111675 0.172294 0.160629 0.0151914 0.142887 0.288143 -0.00753827 -0.0903624 0.00866603 0.0344346 -0.0399298 -0.0822197 -0.0259047 0.050156 0.27573 0.220243 -0.011098 0.152595 0.0264485 0.009718 -0.119683 0.0452566 -0.091562 -0.105984 0.0246469 -0.0763812 -0.0336729 -0.0929999 0.105577 -0.19873 -0.0737294 0.0956423 0.0724506 0.285804 -0.276378 0.0314061 -0.00631823 0.212554 0.240514 0.0640878 -0.0887143 -0.165782 -0.170882 -0.0878773 0.257345 -0.0334339 
0.0115801 0.129293 0.0647706 0.1296 0.067558 -0.202616 0.304885 0.131972 0.0853024 -0.0413206 0.0802633 -0.0562024 -0.0166882 -0.101911 0.0609367 0.00971603 -0.0899751 -0.124104 0.053177 0.00359175 0.133351 0.0215964 0.224602 0.302199 0.0516371 0.0137775 0.0560309 0.00625001 -0.226041 -0.177385 0.0213008 0.0461715 -0.12133 -0.0636246 -0.0454505 0.105429 -0.0565154 -0.145783 0.135798 -0.0817065 -0.0119472 -0.267781 -0.0682175 0.1342 0.078513 -0.114985 0.105833 -0.0985225 
-0.0341738 0.00701535 -0.0788253 -0.146968 -0.161623 0.00810136 -0.324011 0.142309 0.0511511 -0.233664 -0.175301 -0.00671067 -0.0437508 0.170201 -0.158775 -0.0460022 -0.0895236 0.057409 -0.156217 -0.190267 -0.0180533 0.0174832 -0.175679 0.171017 -0.00130827 -0.12022 0.0251486 0.134209 -0.067283 -0.0208551 0.0623784 0.0265675 0.0577545 0.123708 0.0254085 -0.166467 -0.0485146 -0.0599423 -0.109834 0.0574694 -0.0188511 0.185514 -0.0828005 -0.155816 0.00484105 0.0109804 -0.121999 -0.167891 
0.0446841 0.0537213 0.116943 0.141152 0.0650347 -0.0204968 0.271778 -0.013361 0.0155242 0.0220717 -0.037946 0.0494699 0.012223 -0.127826 0.0372675 0.039588 -0.00857659 -0.104508 0.0454226 -0.0410146 0.0115431 0.0141193 0.0248907 0.117376 -0.00924345 -0.0609035 -0.00562056 0.0526501 -0.0508867 -0.0588776 0.0238278 -0.0552413 -0.0869805 0.0796885 0.0444628 -0.0361333 -0.0888051 -0.050338 -0.00998968 -0.0464807 0.0265692 -0.0866457 -0.04409 0.0233192 0.0206815 -0.151676 -0.0868319 -0.0801661 
-0.0316665 -0.0655537 -0.0518848 -0.0613941 -0.00453858 -0.221943 -0.109371 0.0981536 0.0601821 -0.264322 -0.0390133 -0.000757536 -0.0509052 0.0856421 0.00716009 -0.0752762 -0.0300831 -0.00855013 -0.00372173 0.187228 0.0832035 -0.0513573 0.111063 -0.0771277 0.0498933 -0.111817 0.022255 0.108752 0.0222045 0.0607846 -0.0766737 0.0647239 0.103812 -0.0389326 -0.0899338 0.00819138 0.1459 -0.0455862 -0.0370006 0.10361 0.0437503 -0.114503 0.0600546 -0.0222955 0.0433227 0.100804 0.0704875 -0.048526 
-0.000627982 -0.101045 0.0440297 0.125463 0.183056 -0.148686 0.355934 -0.252824 -0.00638745 -0.0978754 -0.203256 -0.0119436 -0.104879 -0.226611 -0.00560911 0.0484513 -0.440094 -0.0567697 0.0746011 0.832433 0.05117 0.0603673 -0.163889 0.238822 -0.0905366 -0.0497138 0.0180146 0.0228515 -0.177929 -0.147508 0.22036 -0.147053 -0.0654235 0.0527306 -0.0338763 -0.0191775 -0.221915 0.0391889 -0.0444396 -0.0561203 0.13096 0.175786 -0.0849815 -0.0928704 -0.00673291 -0.0527324 -0.192252 0.0262814 
0.0637492 -0.0256908 0.0901514 0.0270123 -0.0080432 0.132794 -0.234609 -0.161519 0.195357 -0.00370789 -0.138698 -0.0728001 -0.0303677 0.103405 -0.0189441 0.0896641 -0.174622 0.011994 0.00487606 0.0799187 0.234067 0.147763 -0.391246 0.0457824 0.0656714 -0.154728 0.146144 0.183765 0.0793362 -0.0623561 0.187892 -0.0572509 -0.0737579 0.0304377 -0.0253142 -0.0658822 -0.177511 0.102598 0.015871 0.0774946 0.22945 0.378251 -0.100466 -0.100719 -0.149786 0.0967535 -0.00471577 -0.0385785 
0.105655 -0.105715 -0.062203 -0.134797 -0.035583 0.175157 -0.370486 -0.0443164 -0.0376622 0.0140616 -0.115481 0.0374951 -0.0263439 0.135169 -0.103742 -0.127135 -0.00714838 0.132084 -0.0509188 0.00507484 -0.143907 -0.00700798 -0.249131 -0.214755 -0.0428607 -0.0642398 -0.00382961 0.0509342 0.0957635 0.0806167 0.00532729 -0.0339413 0.0934784 -0.0964395 0.0674771 0.017457 0.0163547 -0.00690734 -0.20096 0.0608717 -0.0162539 0.178062 0.0373103 -0.0983596 -0.0543539 0.122418 -0.0487597 0.113976 
0.0199064 0.0352618 0.0549191 -0.0543565 -0.163594 0.00969589 -0.0235496 -0.0427128 -0.0641747 0.00424058 -0.0148953 0.0800236 -0.0273339 0.143488 0.028313 0.0211994 -0.0437329 -0.0117693 0.0340529 -0.189722 0.0375486 -0.00573974 0.0626542 0.165525 0.0418584 -0.0296463 -0.0656932 -0.0405069 0.0687755 -0.0359003 0.0149074 -0.0477222 -0.104849 0.0142684 0.0077563 -0.0133327 -0.0144242 0.0169368 0.057604 0.00777777 -0.0546448 0.0859793 -0.0719379 -0.063671 -0.032033 0.0613845 -0.0564626 -0.175634 
-0.125833 -0.0546035 0.125115 0.161335 0.12441 -0.279751 0.127639 0.180139 0.0257273 -0.30329 -0.0178951 -0.110377 -0.031984 -0.124978 0.0720444 0.0735086 -0.0420738 0.0021988 0.0350414 0.0517991 0.118759 -0.0943695 0.216575 0.0239288 0.0788996 0.0162331 0.101363 -0.153549 0.158468 -0.0278414 -0.0513314 -0.145986 -0.00474292 -0.112423 -0.0297579 0.0961994 -0.0203399 -0.0179365 0.00844008 -0.0190626 0.0975239 -0.0622293 0.0279864 0.0201959 0.0335631 0.0715785 -0.0968341 -0.0241189 
0.0126554 -0.0201598 -0.0516104 0.121296 0.0933791 0.124864 0.331189 0.0568501 -0.0658505 0.248498 0.0360146 0.0674478 -0.000724262 -0.0715735 0.0447073 0.00290001 0.504129 0.0798779 0.00783731 -0.275238 -0.0642273 -0.0136062 0.022578 0.0199258 -0.0700209 -0.19347 -0.0341069 -0.23753 0.0360366 0.0542145 -0.187235 0.213353 0.00816483 0.0845899 -0.036118 0.246438 -0.0902483 -0.0159803 0.0267178 -0.0891495 -0.0212324 -0.0243194 0.0978505 -0.000914524 0.0329027 0.0105131 0.232542 0.00714072 
0.0409224 -0.0350087 0.0429445 -0.0907584 0.123154 -0.0766108 0.505609 -0.0819715 0.115411 -0.145978 0.0431346 0.0233946 -0.00711702 0.120696 0.0553705 0.1039 -0.164656 0.0984828 0.0585255 0.310029 -0.0621446 0.0236515 0.0806252 -0.163437 0.0788884 0.172393 0.00880593 0.0717226 -0.00635603 0.194887 0.058178 -0.0857633 0.00841091 -0.131206 0.0310273 -0.000529618 0.0994313 0.00279214 -0.191728 0.0655583 0.047329 -0.0906053 0.0359317 0.127447 -0.123295 -0.0874406 -0.025041 0.213631 
-0.120515 -0.165838 0.0575395 -0.0588567 0.0782098 -0.0373428 -0.253114 -0.0121218 0.0735373 -0.0884331 -0.047526 -0.0325155 -0.0612277 0.116512 -0.0824335 -0.0347076 -0.0415181 -0.0995679 -0.00412266 0.259319 -0.140668 0.015347 0.0364649 -0.110201 0.0553777 0.141335 -0.0852152 -0.0841036 0.142535 0.0305842 -0.00594635 0.167313 0.0796897 -0.205131 -0.0984276 0.0121793 0.124803 0.0182613 -0.0676388 0.0120386 -0.0974011 0.165537 0.0343013 -0.000946304 0.141823 0.269198 -0.0391851 0.122803 
0.0633899 -0.141701 -0.0522611 0.104198 0.15414 -0.0507342 -0.0767417 0.191221 0.212705 0.0627242 0.133439 -0.0338067 -0.0349581 -0.0348335 -0.06852 -0.00410959 0.26718 0.0897775 0.0854132 -0.0566463 0.125295 0.0694551 0.0295476 0.131499 -0.0951397 -0.215114 0.101166 -0.174997 0.179761 -0.2338 -0.0950304 0.163158 -0.115738 -0.0184383 0.0345024 0.0935033 -0.246782 -0.157789 0.175221 -0.181374 0.0359036 0.185909 0.0442859 -0.220928 -0.0740147 0.185713 0.540323 0.0209968 
0.0173581 -0.023769 -0.03599 -0.116583 -0.140494 0.160045 -0.374861 -0.0822525 -0.111124 -0.0253206 -0.0623092 0.108161 -0.0181849 0.266756 -0.0194838 -0.0713409 -0.0690069 0.0423232 -0.0229362 -0.0191075 -0.040028 -0.0122154 -0.0611954 -0.0304687 0.107684 -0.0534553 -0.00484386 0.0334544 0.134766 0.0241539 -0.0425833 0.0171592 0.0696555 0.0782349 -0.0604207 -0.00137714 0.139357 0.0193289 0.0459101 0.0479325 -0.0811783 0.136317 -0.0138591 -0.142709 0.0198012 0.0865328 0.00176422 -0.0406314 
0.0428962 0.0758085 0.0350016 0.138978 0.0813553 -0.154294 -0.0658772 0.0604018 -0.0546589 -0.182455 -0.0535384 0.0891839 0.0172659 0.0187247 -0.0908713 -0.0228177 -0.0270404 -0.0236749 -0.0135789 0.0800502 0.075757 0.00224013 0.0775847 0.137374 -0.111843 -0.0945028 0.0970123 0.152605 -0.0861209 -0.0559455 0.0536506 0.0230329 0.0573521 0.0302916 -0.0469342 -0.0297314 -0.0115044 -0.093094 -0.118278 -0.0922012 0.0668681 -0.0395705 -0.00916568 -0.05346 -0.00429759 -0.028489 -0.0170476 -0.107621 
-0.0564805 0.012242 0.0471343 -0.0523278 0.017242 -0.060297 0.122392 -0.0178669 -0.0788299 0.129865 -0.00416465 -0.0354299 0.138194 -0.0660997 0.0746734 0.0756812 0.190908 0.0209637 0.0438967 0.254964 -0.120703 0.00971602 0.0715729 -0.17499 -0.0419123 0.0309066 0.0203771 0.0231548 0.0479625 0.116892 -0.124379 -0.131903 0.0606882 -0.00735222 0.0619691 0.0694838 0.0819562 0.0071773 -0.118722 -0.143736 -0.0117419 -0.145339 0.0706847 0.0337917 -0.0273079 -0.0595149 -0.0974597 0.164618 
-0.00695435 -0.061295 0.0057512 -0.0406831 -0.111068 0.10327 -0.0918588 -0.0190361 -0.00144882 -0.0234873 -0.055298 0.0297941 -0.0428142 0.110044 0.0534024 -0.0245368 -0.0581801 0.0172438 0.0480569 -0.108108 -0.029803 0.0116701 -0.0545719 -0.0182406 0.0911694 -0.0243337 0.0215913 0.0136705 -0.00283648 0.104402 0.0087302 -0.013908 -0.0316027 0.116034 -0.0894404 -0.021776 -0.0453669 0.0986295 0.143919 0.0608678 -0.009817 0.0567785 0.0141745 -0.0751545 0.0178221 -0.0335662 -0.0471628 -0.158407 
0.120131 0.129344 0.0224347 0.0545653 -0.0243377 0.0546263 0.0517523 -0.0419313 -0.0961338 0.104358 0.0233941 0.119502 0.0225923 -0.071261 -0.00180711 -0.101076 -0.0667118 0.00296206 -0.0478694 0.0715081 -0.107636 0.00318628 0.287432 0.0416107 -0.111578 -0.0607031 0.0138248 0.223678 -0.0630086 0.100882 -0.00824058 0.0162829 0.00882668 0.0446079 -0.0263532 -0.115479 0.27174 -0.0999422 -0.169614 0.000663234 -0.0815275 -0.0674228 -0.0517284 0.119549 -0.0624997 -0.150901 -0.0259069 0.0254186 
0.00824871 0.124684 0.0138871 -0.0190463 -0.118467 0.136929 -0.0186321 -0.0933783 -0.0662185 0.083246 0.0704307 0.110317 -0.00735956 0.127996 0.0110656 -0.0535695 -0.00123385 -0.0186684 -0.0822779 -0.0901806 -0.0167458 0.00274758 0.0633381 -0.0247672 0.0673667 -0.134908 -0.0949473 0.16432 -0.0932805 0.0423644 -0.0475124 0.177469 -0.125577 0.0995599 -0.112379 -0.0772213 0.067791 0.039362 0.0057039 0.0114449 -0.0565142 0.0184365 -0.00750489 0.0376905 0.0414185 -0.0812495 0.15931 0.00298991 
0.023961 0.0248434 0.0365081 0.0731622 -0.020584 -0.0851344 0.156655 0.0455688 -0.0130999 -0.0834993 -0.0420164 -0.0356656 -0.0138099 0.024349 -0.0344739 0.0135895 -0.0094099 -0.0537878 -0.0362491 -0.211117 0.027577 0.0225437 0.00949871 0.112016 0.0349172 0.0971601 -0.050551 -0.0776369 -0.069904 -0.0787702 0.0365634 -0.0374476 0.00144106 0.0297969 -0.0815703 -0.012322 -0.120266 0.0350984 -0.0384974 0.0951013 -0.0252542 -0.0122216 -0.0515676 0.0219454 0.111102 -0.0523453 -0.0257101 -0.0169174 
0.0614182 -0.0355182 -0.191654 0.0714886 0.0340507 -0.10292 0.087703 0.264279 -0.116249 -0.180803 0.136561 0.0953854 0.0139333 -0.0378526 -0.103552 -0.0271488 0.323496 0.012406 0.00827213 -0.504596 -0.167776 -0.100672 -0.0654945 -0.144943 -0.214742 -0.11056 -0.00648232 -0.234908 0.129656 -0.0766628 -0.150333 -0.132871 -0.0756321 0.0374625 0.00942758 0.148273 -0.317869 -0.0867871 0.224496 0.223867 -0.0127883 -0.206217 0.0134798 -0.17596 -0.103457 -0.188168 0.176439 0.126529 
0.0115843 -0.00975563 0.0110979 -0.0380026 0.0117116 0.208086 0.0771107 -0.0743533 0.0396537 0.146282 -0.0461386 -0.0794534 0.0100689 0.0246426 0.0255429 0.0129148 -0.0622134 0.041499 0.0162914 -0.124785 0.0379519 0.0298688 -0.0444922 0.058366 -0.0123285 0.0268588 -0.0172156 -0.0944735 0.041403 0.0132006 0.109787 -0.0901528 0.0166999 0.100519 -0.0118222 -0.0701648 -0.0752166 0.0546415 0.00887579 0.00290119 -0.0581043 0.109273 -0.0754718 -0.00817245 -0.0298755 -0.00656981 -0.0581505 0.0715115 
0.0176776 0.0188424 0.0499256 -0.0453287 -0.106241 -0.00971898 0.0416532 -0.0238075 -0.0167963 0.109202 -0.0148699 -0.0289915 0.0643414 -0.0921661 0.034622 0.0376194 0.0695484 0.135332 0.0674613 0.0297771 -0.0155121 0.0433024 -0.153731 0.0426195 -0.0387082 0.00991301 -0.00100401 -0.0136858 -0.0072137 0.112939 0.0162446 -0.0560497 0.0384434 0.11878 0.0529517 -0.063144 -0.0566039 0.0583455 -0.0430022 -0.000812407 0.00444494 0.0170905 0.0287711 -0.12281 -0.0483806 -0.0163197 -0.0720887 -0.0929349 
-0.0678462 -0.00286888 -0.00685619 -0.157818 -0.229025 0.0585106 -0.145063 -0.0268389 -0.127942 -0.109251 -0.0995787 0.0612325 -9.40424e-05 0.122422 0.0428306 -0.0425268 -0.207782 0.0117632 -0.0627287 -0.0797744 -0.0209391 -0.0973033 -0.0129127 -0.00472685 0.117637 0.00913827 -0.0697932 -0.0544694 0.112936 0.0884943 0.00516868 -0.153389 -0.0234123 0.0342319 -0.0109834 -0.159319 0.0165792 0.0188086 0.0392764 0.083253 0.0125483 0.115204 -0.0833573 -0.133787 0.0549294 0.0727156 -0.0847526 -0.110982 
-0.0322049 0.0496455 -0.0769116 -0.0664592 -0.0533074 0.175251 -0.016633 -0.0945018 -0.0876627 0.0519174 0.0234929 0.0730746 -0.0879061 0.0990921 0.00944151 0.0233468 -0.113474 -0.0479727 -0.0878681 -0.155454 -0.0279685 -0.0709254 0.127048 -0.0045288 0.136842 0.0539887 -0.0962723 -0.0184587 -0.0441652 -0.0188032 -0.0549799 0.0478943 -0.0343064 0.00528941 -0.0319993 0.00193312 0.170589 0.0256318 0.0867568 0.047885 -0.123733 -0.0443235 0.0262948 0.0952688 0.094497 -0.00664663 0.0522426 0.044339 
-0.0867205 -0.0117023 -0.100902 -0.220167 -0.142876 0.136941 -0.090741 -0.163118 0.0294658 0.1923 -0.023378 0.0116723 0.0541234 0.0969427 -0.01299 0.0139771 0.103097 -0.00788471 -0.0717546 -0.0056213 -0.139763 -0.0040287 0.000834697 -0.189723 0.0501555 0.111679 -0.044104 -0.0740732 0.0851259 0.141549 -0.094172 0.0296907 0.0661579 0.085305 0.0312366 0.00558322 0.168749 0.0167449 0.0350753 0.0449259 -0.155931 -0.016256 0.128266 0.0304689 0.0924502 0.0168061 -0.0818013 -0.00422969 
-0.000540992 -0.0533761 -0.0833187 -0.01898 0.0903875 -0.117512 -0.168099 0.075208 0.118713 -0.143159 -0.0699489 0.0266992 0.0659402 0.00645114 -0.124423 -0.0981405 0.0286669 -0.0401986 -0.0265264 0.081321 -0.0882507 -0.0418278 0.0248599 0.103731 -0.0548549 -0.0553197 0.0111934 0.00781498 0.0251352 -0.0576666 0.00333519 0.0418337 0.119576 -0.0353943 0.0706768 -0.144133 -0.0343391 -0.0311868 -0.164732 0.0214758 -0.0333866 -0.0314569 -0.0517924 -0.017658 0.0505093 0.0844113 0.00145272 0.0503058 
-0.0276478 -0.116146 -0.0622891 -0.0141409 0.0676057 -0.183227 -0.0808813 -0.0223115 0.147411 -0.0382035 0.00149651 -0.0241641 -0.0218425 0.00393817 -0.042234 -0.117131 0.0249286 -0.0524054 0.0601411 0.137181 -0.0244947 0.0206936 -0.0123002 0.0125481 -0.00538784 0.0136906 0.029625 0.00164601 0.114457 -0.0154494 -0.0930058 0.0474534 0.168084 -0.154715 0.0274687 0.00725012 0.0911292 -0.139685 -0.0210361 -0.060497 -0.0573145 0.0442711 0.0674118 0.0709396 0.00619164 0.113491 0.0126597 0.0369029 
-0.0267652 -0.0521108 0.174046 0.186288 0.0782926 -0.272734 -0.0820581 -0.0481925 -0.0180599 0.0653643 0.0209972 -0.160994 0.125975 -0.206134 0.135464 0.133549 -0.283103 0.0110436 0.0341558 0.462162 0.0508635 0.035612 0.239869 -0.113814 0.0643342 0.00844048 0.0868094 -0.0384357 0.232128 0.0122046 0.0578442 -0.223455 -0.2079 0.0169829 0.0370486 -0.0700611 -0.0773015 0.118271 0.30678 -0.0324997 0.282348 -0.0943238 -0.063898 0.143556 -0.0515725 -0.18545 -0.144012 0.158099 
0.0406656 0.0495159 -0.0409106 0.00514918 0.0797497 0.230789 0.213075 0.0733607 0.115347 0.299757 0.0296756 -0.023737 0.185047 -0.157741 -0.0301811 0.0756145 0.235368 0.0413347 -0.0889619 -0.154401 0.0024677 0.13713 -0.0738824 0.085323 -0.117324 0.189018 0.0132458 -0.207709 0.292094 -0.0101817 0.1416 -0.183829 0.0283476 -0.0406699 0.103186 -0.0740566 -0.236956 0.0732275 0.0156351 -0.422392 -0.0558736 0.100691 -0.124787 -0.0457067 -0.179478 -0.100551 0.0413246 0.174915 
0.0242701 0.0765344 0.0129546 0.0556628 0.0204804 0.0407752 0.2393 0.00790832 -0.0245181 0.218827 -0.0266554 -0.00710428 0.104243 -0.177042 0.0214468 0.0679108 0.032585 -0.0239609 0.0500359 -0.160226 -0.0869373 -0.0125535 0.00758885 0.147837 -0.18411 0.124212 0.0121289 -0.0680772 0.010499 -0.0481989 0.121603 -0.115851 -0.0849826 0.0109159 0.0765947 -0.0648826 -0.29143 0.00592373 -0.0458549 -0.0020432 -0.000392424 -0.00799867 -0.160562 -0.0022538 -0.0780301 -0.183617 -0.162017 0.0599685 
0.00728521 0.153393 0.179586 -1.15717e-05 0.0698534 -0.0557212 -0.593327 0.000474144 0.0791175 -0.32119 -0.149563 -0.0344723 -0.0684704 -0.0146345 -0.19305 0.0489051 -0.173839 -0.00834839 -0.191867 0.264437 0.0120675 0.00415849 -0.243709 -0.00324787 -0.0379714 0.120138 -0.0513879 0.213236 -0.174504 0.0600995 0.0816671 -0.0424152 0.0319905 -0.0666697 0.0492551 -0.182966 0.157043 0.00283706 -0.544004 0.0500555 -0.0522805 0.0976963 -0.0258736 0.12764 -0.0745344 -0.1315 -0.229549 0.0589968 
-0.051811 0.00102909 -0.0157272 -0.0280027 0.086892 -0.111899 0.0770552 0.11066 0.0260471 0.0173734 0.0308954 -0.0299752 -0.117883 -0.0160411 -0.154634 -0.012138 0.0593615 -0.0896279 -0.106513 -0.141777 -0.142026 -0.124444 0.225017 0.000379167 0.00194693 0.0904473 -0.147282 -0.215486 -0.0444313 -0.0475981 0.00659031 -0.0568413 0.0707757 -0.162542 -0.0620667 -0.00345274 -0.0101234 0.0449078 -0.0798866 0.0483905 -0.0709804 -0.139835 -0.0132863 0.207143 0.0941884 -0.0481137 0.122421 0.158156 
-0.0962041 0.036361 0.0307166 -0.114514 -0.10644 0.0251954 -0.153843 -0.0193108 -0.0222888 -0.186857 -0.0939558 0.0114095 -0.0531715 0.167162 -0.0825044 -0.0377609 -0.0989716 0.0414971 0.00257914 -0.130364 0.0214266 -0.0783794 -0.112867 0.0263882 0.00223379 -0.11532 0.00416205 0.0862913 -0.0255019 0.0308426 -0.0704065 0.0450882 -0.00888025 0.145054 -0.0860946 -0.00829539 -0.144022 0.0109116 0.0572403 0.0554006 0.0227462 0.0704521 -0.0702731 -0.149944 0.0420276 -0.00191754 -0.0108116 -0.156833 
0.0541192 -0.0696475 -0.0512468 -0.0649065 -0.0628996 0.120922 -0.436401 0.0988644 -0.0381265 -0.0811829 -0.176463 0.0635203 0.0758475 0.338583 -0.0803737 -0.0656974 -0.0198409 0.0408408 -0.055929 -0.0646558 0.0330159 0.0726826 -0.0910432 -0.0925505 0.063368 -0.0529165 0.00605447 -0.0453508 0.2476 0.0524233 -0.0289622 -0.0637325 0.0332216 -0.0299253 0.0198211 -0.042456 0.10323 0.0243741 0.062537 -0.00185156 0.00667183 0.279371 -0.114193 -0.150278 -0.0738447 0.213436 -0.120744 0.036811 
-0.0648799 -0.0638632 0.0320996 -0.0169014 0.0527096 -0.109613 -0.0166554 0.0266483 -0.0241127 -0.0767324 0.0501239 -0.0167624 -0.0127113 -0.0545418 0.0531071 -0.044273 0.00983899 -0.000107712 0.0986811 0.114343 -0.00673826 -0.0217818 -0.03585 -0.0411575 -0.0679736 -0.0571491 -0.0187963 -0.0118006 -0.077851 0.00730036 -0.0122733 0.0867611 -0.0105582 -0.0205944 0.00927069 0.060617 0.0845759 0.00431711 -0.0691559 0.0925402 0.0317144 -0.0880729 0.113057 0.0541639 0.0509287 -0.00948966 0.0110018 0.00985747 
0.0363421 -0.00488349 0.105171 0.15621 -0.0461505 -0.213674 0.220116 0.0725493 0.125795 -0.038003 0.0509472 0.0147915 0.145173 -0.122585 0.0401876 0.00302818 0.142798 -0.0500415 0.104554 0.189308 0.0227487 -0.00521592 0.0996373 0.105444 -0.0546674 -0.081371 0.147248 0.174606 -0.0905379 -0.0122554 -0.0848199 0.11196 -0.017835 -0.0250675 0.0107171 0.0278447 -0.0195343 -0.115921 -0.110818 -0.137491 -0.0128022 -0.141824 0.0378831 0.0194022 0.0294567 -0.144821 0.04427 -0.0954932 
0.00554924 -0.00677097 -0.0266486 -0.0307807 0.00849891 -0.0957553 -0.144309 0.0738476 -0.102387 -0.0865452 -0.146289 -0.026263 0.101125 0.100165 -0.111641 -0.0206367 0.0788791 0.093645 -0.0260124 0.148986 -0.0592195 0.12429 -0.0773435 0.0451871 -0.073212 0.00295038 -0.0415061 -0.053353 0.0725434 0.0193347 0.0693275 -0.114399 0.063615 0.0929596 0.0207478 -0.0679758 -0.123743 0.102521 -0.237206 0.0316758 -0.0120123 0.131794 -0.0916953 -0.170207 -0.0431241 0.110273 -0.163637 -0.0856737 
-0.0845069 0.0388753 0.0122766 -0.0109509 -0.213364 0.100442 0.0384314 -0.0785342 -0.0983911 -0.0324299 0.105605 0.0286874 -0.108337 0.164694 0.0936633 -0.0427211 -0.0704524 -0.158454 0.0377879 -0.261937 0.000690722 -0.0029674 0.246908 0.0807064 0.184438 0.0506534 -0.000286996 -0.103084 0.110003 -0.0845629 -0.0438408 0.0525534 -0.0457645 -0.076151 -0.128782 0.120255 0.215824 0.00970664 0.167656 0.0370883 0.0147596 -0.0749074 0.0130603 -0.0587711 0.196908 0.0445575 0.254172 -0.132227 
0.00802867 0.145153 -0.0599583 -0.0598773 -0.0897576 0.101924 -0.287368 0.0599081 -0.00886013 -0.136389 -0.0649805 -0.00107333 -0.142211 0.129996 -0.212633 -0.0259843 -0.109458 0.0397661 -0.169291 -0.290518 -0.0164011 -0.0797761 -0.143473 0.123329 0.0314781 -0.0584476 -0.0542416 0.0238959 -0.00249254 -0.0329524 0.0284359 -0.0194126 -0.0758929 0.137523 0.0192899 -0.0991233 -0.166017 0.0991875 -0.0177907 0.0502886 -0.0522311 0.250201 -0.168205 -0.115216 -0.0399592 0.0116019 -0.0664264 -0.0990528 
0.0318831 0.0801286 0.0725863 0.0524906 -0.0666858 0.0979358 0.118589 0.0519861 -0.122461 -0.0140537 -0.0476568 0.0229578 0.0280816 -0.0368229 -0.00710703 0.0532923 -0.0786572 -0.0864911 -0.137013 -0.191766 -0.0114697 -0.0650312 0.0371051 -0.0461575 0.0196742 -0.0561333 -0.028232 0.0344439 -0.0454425 0.0467723 0.0572761 -0.156726 -0.141061 -0.0312794 0.0467119 -0.0697523 -0.11282 0.030726 -0.0291306 0.134159 0.0292088 -0.117002 -0.0584903 -0.019078 0.0123399 -0.167462 -0.0506628 -0.0194903 
-0.0201755 0.155709 -0.128415 -0.0654929 0.00827567 0.184166 -0.170283 -0.0880018 -0.00976949 0.170225 -0.0580352 0.00973622 -0.0321878 -0.0064023 -0.101245 0.0250625 -0.0816046 -0.0270643 -0.0926309 -0.108918 -0.113327 0.0599619 -0.185188 0.0483624 -0.0693259 0.0263924 -0.0179276 -0.0253731 0.0469345 -0.0477217 0.0964985 -0.0358103 0.0290233 0.0330316 -0.0487921 -0.117709 0.0313414 0.00107431 -0.0158788 0.0968182 -0.13688 0.211878 -0.0516324 -0.0203779 -0.0757889 0.0103745 -0.0713613 0.077908 
0.0991463 0.0211844 0.0710556 0.0273584 0.0783198 -0.159153 0.124677 -0.0721534 -0.137456 0.1241 0.071715 0.0595718 0.121182 -0.0558267 0.063074 -0.0678306 -0.053273 0.0844196 0.0822831 0.380239 -0.0356144 0.152255 0.344745 -0.163766 -0.126292 -0.0103619 0.0099456 0.14797 0.0701599 0.0890759 -0.120391 0.0479302 0.0381031 -0.0420765 0.0175842 -0.057969 0.217925 -0.169366 -0.115839 0.0705204 0.0157993 -0.264297 0.0627703 0.137533 -0.136427 0.00177761 0.0463653 0.088337 
0.0839994 -0.0927277 -0.099454 0.0151506 -0.0646436 -0.114503 0.270588 0.0414996 -0.0137404 0.0588936 0.0994453 -0.0616407 -0.0173334 -0.0385548 0.0563461 0.0869625 -0.00683937 0.0931771 0.124452 -0.0613503 -0.0574157 0.0399733 -0.0624603 0.0380582 0.0239592 -0.0918739 0.0732401 0.0251155 -0.16614 -0.0252716 -0.113788 0.0423065 -0.0897362 0.0877813 -0.0215087 0.122749 -0.174402 -0.0460282 0.211302 0.155348 0.0950397 -0.0212823 0.0441947 -0.039344 -0.0794557 -0.065712 0.120758 -0.0576696 
0.105018 0.00468268 -0.0198518 -0.00325536 -0.0323778 -0.0121526 -0.0451227 -0.0531902 -0.00926001 0.182114 -0.117119 -0.00298385 0.150125 -0.0363363 0.0211463 0.00177149 0.0128209 0.112775 0.0730333 0.225862 0.0117488 0.0356492 0.0168773 -0.165201 -0.0651465 0.0685726 0.051456 0.0827293 0.163378 0.108023 -0.0909252 -0.0851785 0.113295 0.0526432 0.13837 -0.109969 0.132394 -0.0757824 -0.0778764 -0.148323 0.0792067 -0.024976 0.0101327 -0.0211913 -0.0725408 0.0383092 -0.0678562 0.140027 
0.0341456 0.0556999 0.0571274 0.0761557 -0.0348907 -0.0715087 0.243561 -0.0242445 0.0413859 0.110979 0.0782154 -0.113725 -0.0663613 -0.10413 0.0823184 0.108717 -0.0860452 0.0361044 0.0218208 -0.140947 0.028018 0.0101902 -0.0379727 0.212055 0.0229206 0.0541808 4.4017e-05 0.0246892 -0.0601905 -0.0627168 0.101526 -0.0776881 -0.185406 0.127869 -0.0313452 -0.0193701 -0.300813 0.0595472 0.118599 0.0509594 0.0312898 -0.0269057 -0.112842 0.0290377 -0.044477 -0.0706111 -0.0525087 -0.0337869 
0.0447514 -0.0684915 -0.052689 -0.0484476 -0.0319285 0.020043 0.229087 -0.119168 -0.0889621 0.096164 0.162045 0.0593415 -0.045589 -0.0399997 0.127435 0.0879928 0.0380148 0.0840827 0.036194 -0.113537 0.00995623 0.108102 -0.202297 -0.0560064 -0.084367 -0.0923353 0.0565124 0.186249 -0.256254 0.0819215 0.0379931 0.078125 -0.173014 0.160335 -0.0140664 0.0862204 -0.138611 0.132101 0.239805 0.262483 0.0817808 -0.0095687 0.0378093 -0.109235 -0.0532461 -0.0807473 0.105246 -0.0518136 
-0.0603408 -0.0764943 0.0176887 -0.0115487 -0.0256736 0.0147516 -0.0637944 0.00578586 0.00807183 -0.0186397 -0.0601091 -0.00439414 -0.0176053 -0.0141591 -0.0359957 -0.0103232 0.0892523 0.00914039 0.0214044 0.0750295 -0.153006 -0.0165746 0.116859 -0.105058 0.0189709 0.0873927 -0.00190454 -0.116689 0.14569 0.0498144 0.0212248 -0.00820409 0.14734 -0.16982 0.037474 0.0166298 0.125458 -0.0555266 -0.162288 -0.0415366 -0.0915759 -0.066635 0.0205563 0.0802575 0.0612965 0.0366928 -0.0973325 0.100424 
0.13026 0.168091 -0.00587583 -0.010499 0.0203278 -0.0546267 -0.228862 0.0371631 -0.0464739 -0.112595 -0.0965812 0.131271 0.202281 0.0792735 -0.251735 -0.0762895 -0.0709418 0.0345488 -0.112531 -0.134566 -0.00429302 0.0891875 -0.0832599 -0.0282669 -0.159838 -0.00637118 -0.027592 0.141829 -0.0206848 0.087736 -0.0476655 0.0401111 0.241971 0.0612292 0.0282246 -0.206966 0.15267 -0.0268071 -0.461879 -0.0348766 -0.0917334 -0.0155387 -0.00919216 -0.0615238 -0.0358812 -0.0666444 -0.322353 -0.0693971 
-0.0789627 0.0229734 0.0488153 0.0990663 0.0357084 -0.072052 0.0880643 -0.00655069 0.0136469 0.0519151 0.0316397 -0.0584035 -0.118591 -0.0976286 0.0446255 0.0442709 0.112023 0.0196548 -0.0203211 0.0868794 -0.00450162 -0.00411803 0.122543 -0.0843544 0.0581962 0.0173662 0.00299543 -0.0750896 -0.0512335 0.00302581 -0.0209712 0.0361164 0.0198107 -0.110937 -0.0434872 0.0718668 0.0861267 -0.0364256 0.00592835 0.0212037 0.0435161 -0.159758 0.109175 0.161086 0.000178674 -0.00387376 0.157299 0.177864 
-0.0946344 -0.246902 0.131764 0.021151 0.0771353 -0.0560729 0.219737 0.00782309 0.10511 -0.0665637 0.0193701 -0.100509 -0.0206349 0.0381319 0.182313 0.0391173 0.0201613 0.00639818 0.133619 0.245597 0.0308766 -0.00106955 0.0299402 -0.188302 0.0476624 -0.00558812 0.133956 -0.114811 0.000868026 0.151249 -0.0636993 0.000891019 0.0331999 -0.0258745 0.0356436 0.171853 -0.0716306 0.131188 0.182955 -0.00211995 0.19696 -0.0529071 0.148094 -0.0321768 -0.0488759 -0.0119541 -0.00751598 0.0637554 
-0.00528857 0.0121469 0.0715451 -0.0233208 -0.0172282 -0.113259 -0.552033 -0.150084 -0.231566 -0.28562 -0.19005 0.0762453 0.0830695 -0.226908 -0.0657893 -0.0344878 -0.572513 0.0501561 -0.0167825 0.0361891 -0.0148955 0.0484659 -0.161072 -0.194063 -0.22736 -0.127343 0.0279691 0.445874 -0.180106 -0.00300475 0.0634034 -0.340939 0.053233 0.0145321 0.0770198 -0.263994 -0.184475 0.0150008 -0.17762 0.248399 0.0886889 -0.10654 -0.0114838 -0.00207915 -0.148876 -0.0374091 -0.579449 0.0629412 
0.0924376 -0.103303 -0.0965331 -0.12279 -0.0950491 0.124386 -0.331779 0.203383 -0.213101 0.141088 -0.149001 0.107675 0.0623408 0.405621 -0.20693 -0.140512 0.105025 -0.0220498 -0.126213 -0.16652 -0.0502743 -0.00364125 0.019916 -0.170628 0.00885442 0.0120325 0.0282204 -0.0864312 0.341658 0.0851118 -0.0152659 -0.149038 0.0742446 -0.0173815 0.128133 -0.126594 0.170852 -0.123269 -0.014975 -0.137852 -0.116719 0.27509 -0.0972532 -0.316231 -0.0369882 0.189626 0.123268 0.0166405 
-0.0361415 -0.0640344 0.0398213 0.00991997 -0.0244712 0.0648084 0.0254478 0.0787131 -0.10327 -0.163817 -0.0241712 -0.034284 0.0121238 0.114029 0.0756207 0.0287641 0.00981389 0.0711025 0.0484913 0.186221 -0.0210808 0.00746443 -0.00886989 -0.164262 0.0462318 -0.109742 -0.00352854 -0.0932802 0.0437094 0.170237 0.0198027 -0.237135 -0.0631611 -0.0560268 0.0245596 0.0163126 -0.0576826 0.153488 0.0459528 0.116905 0.035735 0.0614905 0.00377305 -0.158597 0.00696166 0.018878 -0.0892528 0.0555496 
0.0307424 -0.0127157 0.154423 0.0257932 -0.14528 0.151056 0.0827857 -0.0145353 -0.131276 -0.057339 -0.177102 -0.0329363 0.0385093 0.103269 0.0833507 -0.0241517 -0.0946263 0.0710848 0.0760768 0.221078 -0.0111213 -0.0276714 0.0975673 0.0475731 -0.0435257 -0.143788 0.031392 0.00840653 0.119355 0.0690902 0.175672 -0.282727 -0.0506136 -0.102628 0.0633683 -0.164524 -0.0432825 0.038324 -0.0438753 -0.0108534 0.0780524 0.07694 -0.160812 -0.049217 -0.113383 -0.12073 -0.336412 -0.0150153 
-0.102941 0.0481736 0.0819375 0.0902521 0.0721519 0.101742 -0.271647 0.164078 -0.0877107 -0.195834 -0.211297 -0.0418943 0.0641758 0.149945 -0.124117 0.0287292 -0.00555076 0.0207713 -0.0678646 0.0364169 0.0601759 -0.0137157 0.113673 -0.0762654 -0.000427164 -0.0825073 0.0215281 -0.242993 0.423914 0.0418757 0.172293 -0.286633 0.0355144 -0.0748426 0.158373 -0.0676588 -0.000402872 0.0954062 -0.125652 -0.194825 0.155398 0.183853 -0.188826 -0.148168 -0.118238 0.135279 -0.105777 -0.012873 
-0.00361559 0.048625 -0.0761042 -0.00173839 -0.0552669 0.138821 -0.330122 0.000979016 -0.0690142 -0.019085 -0.100872 0.0683054 0.0104653 0.131264 -0.145124 -0.0982279 -0.119141 0.0219276 -0.141582 -0.184459 0.0162697 -0.0224451 -0.0839752 0.0351015 -0.0584536 -0.144412 0.0520269 -0.0237778 0.0777825 -0.00923434 0.0805178 0.0136516 0.0332327 0.0973913 -0.0303989 -0.125731 -0.120778 0.0734774 -3.28973e-05 -0.0274114 -0.0100055 0.151652 -0.167462 -0.116089 0.0283723 0.085566 0.0188999 -0.0509253 
-0.0348248 -0.0306238 -0.0599333 -0.0312887 0.0710576 0.0120413 -0.238382 0.0270382 0.0270483 -0.133611 -0.0864248 -0.00961721 0.047524 0.0721077 -0.128019 -0.0239338 0.0806254 0.0116745 -0.0368459 0.0993508 -0.030377 -0.033286 -0.119283 -0.127782 -0.0792698 -0.108209 0.0620183 0.00930048 0.0871594 0.050684 0.00408982 -0.0674008 0.165934 -0.0123776 -0.0228538 -0.023116 0.0697341 -0.0561244 -0.221008 0.0559938 -0.0592791 0.00122934 0.0418872 -0.061375 0.0297185 0.0595549 -0.134388 -0.0115917 
0.178321 0.182094 0.134246 0.145612 -0.0873582 -0.0587879 -0.0318482 0.0468483 -0.128667 0.0517636 -0.0952304 0.0670741 0.0530875 -0.0273418 -0.020052 -0.0915527 -0.0720077 -0.0276791 -0.109132 0.0955856 0.0676546 0.101425 0.312045 0.134879 -0.118342 -0.0299301 -0.0661177 0.190783 0.109597 -0.0310949 0.0235545 -0.0480865 0.0684794 0.057975 0.0303675 -0.204365 0.16085 -0.0944227 -0.218007 -0.0644966 -0.057996 -0.0295988 -0.113476 0.0772092 -0.0876778 -0.028146 -0.0325414 -0.0440529 
-0.0256675 0.101619 -0.0464953 -0.00854328 -0.0382662 0.0335291 -0.0121196 0.0365347 -0.114215 -0.0635594 -0.0279348 0.0454692 0.0106865 0.104694 -0.0217482 0.021668 0.03308 0.0139126 -0.0174949 -0.0362906 -0.0846024 0.0326572 0.0356819 -0.053663 0.0521717 -0.0189181 0.0165812 0.0455358 -0.0595618 0.122887 -0.0149001 -0.00500942 0.0258264 0.130463 -0.000818417 0.0175577 0.111779 -0.0166191 -0.0814846 0.0314735 -0.0696373 0.0095312 0.019338 -0.0122957 -0.0298528 -0.037551 0.0398859 -0.0192736 
-0.0318817 -0.15399 0.159946 0.0370158 0.104084 0.287267 -0.034536 -0.0573188 0.216156 0.24648 -0.0849085 -0.0408477 0.24283 -0.0508717 0.31841 -0.0242182 0.279779 -0.0420501 0.250457 -0.10532 0.151003 0.106304 -0.280014 -0.086979 -0.0290478 -0.26137 0.0516855 -0.265779 0.415432 0.00937664 -0.0127488 0.180679 -0.0562284 -0.00885474 -0.00557111 0.0339337 0.00845946 -0.0616026 0.241247 -0.33608 0.0553822 0.269821 0.164934 -0.189694 -0.00208546 0.266114 0.0365876 -0.0761319 
-0.0553046 -0.129884 0.0515955 -0.00396498 0.116027 0.00969329 -0.237918 -0.157575 0.119553 0.186538 0.0457055 -0.0279532 -0.0330813 -0.40553 -0.0785478 0.0687353 0.104704 0.0964653 -0.136073 -0.325342 -0.0055048 -0.103839 -0.11434 0.00525921 -0.0427014 -0.0186067 0.00114265 0.585603 -0.773367 -0.0334397 -0.192535 0.168535 0.178776 -0.0476463 0.148992 -0.250177 0.017381 -0.105893 -0.0683598 0.0412774 -0.12086 -0.363496 0.107271 0.326464 0.0788572 -0.196142 -0.117311 -0.0233301 

W3:
0.068966 0.0798491 0.00205486 0.00349094 -0.0912921 -0.0319487 0.0878481 -0.0227077 0.158234 -0.0760245 -0.0995456 0.0432197 -0.0575419 0.0972152 -0.105243 0.0108489 -0.0238331 -0.0476498 0.0910939 0.0441176 0.0560109 -0.0512015 0.153644 -0.00076022 -0.0955314 -0.0890072 -0.173167 -0.00484646 0.0520928 0.0325133 0.0668998 0.0187381 
0.00608098 0.0762464 0.131929 -0.0194879 -0.142405 -0.0676271 0.206623 0.018686 0.148071 -0.0240415 -0.00198386 -0.054311 0.0864513 0.0501406 -0.0745395 0.00272057 -0.0709503 -0.0547171 0.0378209 0.0466501 0.0724081 -0.019216 -0.00042953 -0.0549528 -0.0377952 -0.105665 -0.491477 0.179655 -0.0437428 0.0330381 0.0525332 0.0362748 
-0.0536784 0.0694252 0.078138 -0.0248685 -0.0645862 0.186502 -0.0678297 -0.0210255 -0.221345 0.0669929 -0.202093 0.00364279 0.0743841 -0.00615811 0.0723756 0.0911285 0.0989041 0.0647225 -0.0470759 0.0520812 -0.0797151 0.000335499 -0.0704043 -0.0366363 -0.00483003 -0.1666 -0.0920642 0.214172 -0.0259807 -0.021109 -0.162821 0.0307348 
0.0259367 -0.0515408 -0.292066 0.00560573 0.110456 0.0720079 -0.0157363 -0.0845917 -0.113274 -0.125784 -0.0478177 -0.00142313 0.104136 0.0687329 0.0698816 0.0175591 0.0254732 0.0978971 0.00395336 -0.0416937 -0.0897197 0.0439204 0.0646717 0.057558 0.0404788 -0.0658895 -0.156811 -0.00623552 0.0323901 -0.0650993 0.116111 0.0952363 
-0.131435 -0.149721 -0.2583 0.117065 0.0221551 0.00686586 -0.118777 -0.00310423 -0.0460019 -0.0386319 -0.097281 0.092493 -0.0092363 -0.0740744 -0.00920074 0.0362414 0.0924961 -0.0398693 -0.115957 -0.091903 0.0481543 0.0782586 0.12258 0.00236817 0.0358494 -0.0191531 0.17519 -0.117816 0.0174483 -0.0715709 0.179625 0.0931781 
-0.0489216 0.013884 0.214978 0.0391304 -0.00991105 0.0798276 0.147014 0.167424 0.170751 0.00180859 -0.18088 -0.108748 0.30052 0.121779 -0.0209802 0.096481 0.0326721 0.0294481 0.0464554 0.177946 0.00584997 -0.0694698 -0.0408824 0.221776 -0.0186184 -0.176818 -0.0251479 -0.0391697 -0.0769553 0.0341913 -0.165489 -0.0155994 
0.0405714 -0.0583377 -0.0476112 0.172335 0.0553723 0.00335044 0.339331 -0.00675334 -0.0939515 -0.00147873 0.362687 0.0231501 -0.133919 0.134866 -0.0613835 -0.17307 0.0455925 -0.196365 -0.0732172 0.0921323 -0.422005 -0.350301 0.012896 0.468161 0.0443146 -0.00133204 0.285798 0.0269031 0.00199779 -0.0737319 0.0534004 0.148722 
0.0762898 -0.0373114 -0.253979 0.0612865 0.0212976 -0.149448 0.0875479 -0.0436572 -0.166069 -0.00945752 -0.00274742 -0.0425126 0.0068418 0.212335 0.00421908 -0.00675638 0.0436873 0.0151125 0.0149148 0.0746561 -0.117685 0.0861799 0.114035 0.252631 -0.127578 -0.0758241 0.06472 -0.157942 -0.0303751 -0.0040937 -0.00132637 0.0697206 
0.00553194 -0.171815 0.00552914 0.152002 0.177227 0.109442 0.0822361 0.155048 -0.162887 -0.162815 0.0418518 0.14143 0.115049 -0.024124 -0.00615698 0.0478306 0.0883568 0.0183305 0.0298083 0.073469 0.0994271 0.017144 0.0125817 -0.0666661 0.0269472 -0.184996 0.258704 -0.311608 0.0417457 -0.0255886 -0.00876686 0.0328194 
-0.00669531 0.055674 0.321344 -0.217856 -0.0683287 -0.206168 0.0771282 0.0487463 0.412227 -0.0147919 -0.010387 -0.101437 0.159909 -0.0904024 -0.128149 0.0435693 -0.259205 -0.000268821 0.267005 0.0410137 0.00388871 -0.107593 0.122778 0.075169 -0.0469609 0.239954 -0.152759 0.259359 0.0180844 -0.0342866 -0.0676547 -0.171811 
0.059946 0.0554018 0.0370171 -0.0318969 -0.0590669 -0.00955161 -0.0329563 0.0572934 0.0667082 -0.0921911 0.121625 0.0922576 -0.0277642 -0.0608922 -0.0521966 -0.0374943 -0.0802382 -0.147431 0.0651245 -0.0819164 -0.0308931 0.00820773 0.176001 -0.301971 0.0745464 7.28728e-05 0.0408114 -0.0198055 0.147875 -0.0757585 0.0519768 -0.00392965 
-0.0375173 -0.0193535 0.0351458 -0.0037394 -0.0670152 -0.0711816 0.0410597 -0.0220718 0.271951 0.0153046 0.00686914 -0.111692 -0.192793 -0.00160164 -0.0864227 -0.0792599 -0.0832334 0.0199889 0.0764566 -0.0694229 0.00839497 -0.0721678 -0.00199016 -0.0388371 -0.05666 -0.00635688 -0.0960773 -0.000913942 0.00827214 0.0119481 0.196449 0.131029 
-0.0167842 -0.0543805 0.0993309 -0.0201929 -0.0246321 0.0973261 0.00264929 0.149648 -0.00695885 0.0292517 -0.177265 0.0311841 -0.225403 -0.066045 -0.17846 -0.0837699 0.0193769 -0.0131418 0.0999572 0.209821 -0.0669616 0.0860689 0.11303 0.0648417 0.0053819 -0.158831 -0.14333 -0.0479086 0.234444 -0.108271 -0.205287 0.0334634 
-0.0288126 -0.0324267 0.0140687 0.299407 -0.0504148 0.154197 0.170919 0.0894587 0.234646 0.393896 -0.110371 0.0901665 -0.188863 0.187756 -0.00524101 -0.0063486 0.0202637 0.0435831 0.00520921 0.0360346 -0.158041 -0.0296488 -0.237185 0.130487 0.0208309 -0.048183 0.10646 -0.11305 0.0434114 0.141712 0.04247 0.0786755 
0.0457333 -0.0166652 0.0787641 0.0995695 0.119955 0.161782 -0.0392948 0.0556903 -0.0234584 0.13233 -0.153017 0.0624095 0.0176425 0.117973 0.0160475 0.080195 0.0320243 0.07859 0.0074519 0.0572772 -0.241647 -0.139062 -0.255067 -0.0512656 0.0873642 -0.0328796 0.147168 -0.0706444 -0.00441567 -0.0998013 -0.0657189 -0.0817079 
0.0716421 0.0773382 0.037795 -0.157499 0.0161363 -0.0065043 0.00307943 -0.0282953 -0.0688591 -0.0323012 0.0527751 -0.0702633 0.0446165 0.0289001 0.0828139 0.0303053 0.0983797 0.0417315 -0.0949504 0.0235811 0.0406498 -0.0180638 0.0130334 -0.154281 -0.0275428 0.0247098 -0.0312079 0.0333496 -0.0595164 0.00749084 -0.0858809 -0.116407 
0.0962353 0.0462935 0.0981095 -0.0439275 0.110758 0.0177821 0.0677284 0.132118 0.159586 -0.195055 -0.062662 -0.15387 0.117165 0.3335 -0.117111 0.0264796 -0.0642731 0.0924474 0.264276 0.132099 0.0549761 -0.0846798 -0.0443189 0.411528 -0.101613 -0.0199319 0.30195 0.126931 -0.079899 0.0665 0.100868 -0.0946913 
0.00190168 -0.0559403 0.0691275 -0.134272 0.049457 -0.0798544 0.0135535 -0.0375018 -0.0403318 0.0256328 -0.000211061 -0.179913 -0.242543 0.173287 -0.141381 0.00853584 -0.0870897 -0.0325298 0.0524516 0.0675956 -0.0195434 0.0148292 0.0504611 -0.170116 -0.153993 0.0226259 0.0784907 -0.0530876 0.0806453 0.0423155 -0.0152532 -0.0390489 
-0.004674 -0.0592277 0.0841251 0.107776 0.130692 0.143281 -0.0176736 -0.0133583 -0.0141914 0.101827 -0.118851 0.0472958 -0.0748054 0.0437549 0.0287734 0.0346763 0.102008 0.0493279 -0.0374759 0.0837002 -0.187403 0.000857959 -0.0896604 -0.0757177 -0.0133805 0.0277929 0.103718 -0.0365627 -0.0037586 -0.152754 -0.119105 -0.0912187 
-0.0760031 -0.0792284 0.0222706 -0.135724 -0.043765 0.058741 -0.322219 -0.324722 -0.0603885 0.130242 -0.407917 0.0115125 -0.135214 0.23529 -0.117486 -0.144481 -0.255892 0.0158026 0.0933658 -0.308187 -0.013561 -0.0456736 -0.00174167 -0.811891 0.0522366 -0.287035 0.00150223 0.131858 -0.0266392 -0.131892 0.15856 -0.0744702 
0.0668375 0.154284 -0.0444717 0.278167 0.0342361 0.152113 -0.0453186 0.0794226 -0.105666 0.0090367 -0.0603416 0.241148 -0.0817047 0.132094 0.021078 0.0286227 0.150893 -0.0538352 -0.16189 -0.0454343 0.0586715 -0.175147 -0.0370896 -0.0409395 -0.00231402 -0.324253 0.0307393 -0.0273405 0.0293948 0.00342904 0.073684 -0.043764 
0.0872978 0.0416357 0.143332 0.0600416 0.0218428 0.0504325 0.0248527 0.0810641 0.0458656 -0.0121912 -0.127009 0.0958057 -0.103453 0.0157095 -0.158236 -0.052266 -0.0456467 -0.0545855 0.0217605 0.0455529 0.0434745 -0.0441596 0.00964972 -0.0968196 -0.0172972 -0.172056 -0.0284022 -0.0402621 0.0402568 -0.0758286 -0.0497103 -0.086019 
-0.1501 -0.111639 -0.0234123 -0.200681 -0.280773 -0.12227 -0.296329 -0.0219783 -0.0994923 -0.242805 -0.229695 -0.00398282 0.323214 -0.232704 -0.0147244 -0.0546328 -0.155005 -0.119044 0.0627495 -0.181065 -0.424125 0.0253475 -0.0724345 -0.0892677 -0.0499681 0.161798 -0.32396 0.207841 0.147376 -0.251949 0.121931 0.171164 
0.0328462 0.142162 -0.0964598 0.200581 -0.105349 0.139981 0.253877 0.236384 0.0627137 -0.12699 -0.059134 0.118101 0.131504 0.096389 0.064373 -0.114481 0.121192 -0.165396 -0.123488 0.0724122 0.119113 -0.214388 0.185938 -0.128518 0.00823142 -0.303194 -0.453476 0.0274876 -0.0395777 0.0603529 0.0735059 -0.0102512 
0.0332156 -0.0540555 -0.000999027 0.220043 0.0618909 0.205932 -0.0108259 -0.00961407 -0.16557 0.0796969 0.0881259 0.0976361 0.161098 0.00714286 0.203778 -0.00791539 0.113782 0.105863 -0.0890512 -0.113447 -0.189453 -0.124063 -0.243552 -0.137589 0.0405922 0.0446886 0.0748539 -0.187992 -0.0952792 -0.00714548 0.0571191 0.028983 
-0.0813717 0.131413 0.164962 0.0349962 -0.0362805 0.0314606 -0.10384 0.20943 -0.11586 0.079839 -0.278201 -0.000788759 0.358357 -0.0741144 0.00762484 -0.0060595 0.0489319 -0.0218604 -0.0792798 0.0540513 0.252368 0.146825 -0.0482614 -0.0500886 -0.0310246 0.0557335 0.0449041 0.17566 0.0113106 0.00107381 -0.236863 -0.173873 
0.0126096 0.028312 -0.122261 0.012099 0.0343584 0.0445884 0.0528742 -0.00942026 -0.112248 0.0220508 -0.0712095 0.0547684 -0.0804349 0.120526 0.0134513 0.0860707 0.0763817 0.058009 -0.0759266 0.0279326 -0.026182 -0.0970446 0.076869 -0.0703517 -0.0715657 -0.104996 0.0387435 -0.139374 0.0123892 -0.0229955 -0.055205 0.0173727 
0.0429376 -0.0615801 0.0645376 -0.103339 -0.12702 -0.0369469 -0.0105351 0.0261501 -0.0337781 -0.238787 -0.257429 -0.0642966 -0.118965 -0.0707956 -0.0477663 0.00124654 0.0044376 0.00685941 -0.0265986 -0.0157428 0.158944 -0.154605 0.243326 -0.523095 -0.164077 -0.0220626 -0.233333 -0.136808 0.0696278 -0.108474 0.0482096 -0.00770947 
-0.062082 -0.034455 -0.225895 0.0387386 -0.0521508 -0.25013 -0.0233442 -0.0559065 0.134776 0.214396 0.0793607 -0.127783 0.0422236 0.0484688 -0.107489 -0.0447895 -0.0985655 0.0314357 0.00328834 0.108514 -0.3535 0.130537 -0.0568918 0.581676 -0.00574743 -0.144532 0.120291 0.129586 0.0546534 -0.008113 -0.0221578 0.0639614 
-0.0554183 -0.0452144 0.143108 -0.0966478 -0.0170401 -0.0432643 -0.020197 0.00938586 0.0754106 0.0612825 -0.0876896 -0.0759013 -0.243704 -0.0235913 -0.0350832 0.0165325 -0.0914728 0.0877351 0.102921 0.0236863 -0.117731 0.0627402 -0.167663 -0.0671142 -0.0326888 0.109524 0.0986326 -0.0717523 0.129098 -0.0104477 -0.000456959 -0.012975 
0.0472648 0.190346 0.0245756 0.0984264 0.010647 0.0236064 0.0988428 -0.0121764 -0.033365 0.0325784 -0.113809 -0.0494198 0.229491 0.172629 0.122894 0.0275207 0.0327458 0.0225569 0.0121069 0.24893 0.0845083 -0.0923353 -0.0157523 0.0471055 0.00396362 -0.0667575 0.0219061 0.202464 -0.0339365 0.00895543 -0.32084 -0.155451 
0.00301073 -0.29484 0.0576855 0.25315 0.0713274 0.25769 -0.017375 0.14687 0.0584961 0.13523 0.041155 0.246359 -0.167753 -0.248897 -0.0317294 -0.143096 -0.0751505 -0.0811222 0.145219 -0.166498 0.0674386 -0.0287896 -0.283195 -0.202152 0.298507 0.0594659 0.0688404 -0.34973 0.180679 -0.204963 0.23623 0.206438 
-0.0320901 -0.124465 0.156251 0.0231194 -0.0795066 -0.0223745 0.140175 0.0930544 0.113573 0.054241 -0.0764839 -0.0540723 0.0422601 -0.062605 -0.0667014 -0.000935293 -0.003962 -0.0387365 0.121313 0.173573 0.0446077 0.0615971 0.083779 0.15267 -0.070873 0.158729 0.198549 0.0714159 0.067787 0.0471872 -0.0704214 0.0736476 
0.201416 0.179225 0.148462 -0.0383717 0.113995 0.0363578 0.241376 0.0190031 0.118133 0.11121 -0.0113152 -0.0310894 -0.293978 0.159223 -0.00325988 -0.140957 -0.00614857 0.0104636 0.0172423 0.0799533 0.0771977 -0.0832577 -0.147734 -0.279768 -0.0785279 -0.0880916 -0.296715 0.0507672 0.0157716 0.0060091 0.0309547 -0.0662732 
-0.00481877 0.0684814 0.0202313 -0.0713994 0.00221323 -0.143519 -0.0411726 -0.0452052 -0.0493594 0.0229762 -0.140927 -0.0077508 -0.101029 0.121744 -0.122782 0.00506409 0.0557646 -0.012701 0.0364328 0.0941639 0.0177569 0.0800131 0.218087 0.0905717 -0.167341 -0.0148283 0.00550314 0.00180144 0.0995013 0.00942334 -0.0714773 -0.0206715 
0.0759582 0.168099 -0.0906629 -0.00471574 -0.0648385 0.00748272 -0.0209533 0.0543969 0.173162 0.0504562 0.0579387 -0.029618 -0.157926 0.224084 0.0688869 0.0115517 -0.0192051 0.0300957 -0.0739139 -0.0268439 -0.200557 -0.222416 -0.139172 0.0104444 -0.0812498 -0.0954416 0.10225 0.1218 -0.0661729 0.0823553 0.023286 -0.0699339 
-0.119492 -0.059752 0.332585 -0.0768446 0.0274273 0.0234402 -0.0515504 0.136811 -0.143942 -0.0612602 -0.470149 0.176462 -0.010891 0.00206524 -0.196974 -0.0116793 0.0729769 0.0558878 -0.0198043 -0.0327589 -0.206331 -0.035681 -0.210679 -0.150068 -0.086442 -0.101751 0.406363 -0.0647586 0.0939241 0.000244765 0.0656512 -0.0779352 
-0.00458137 0.05231 0.151445 -0.073917 -0.0010881 0.0328933 0.138467 -0.0210931 -0.0697952 0.0922939 0.0443177 -0.124719 -0.0386997 0.0133812 0.0820234 0.0148569 0.0834901 0.0764104 0.0251384 0.0727234 -0.0340638 0.0791459 -0.15971 -0.142503 0.00814442 0.0473442 0.0886735 0.0824502 -0.0453072 0.024207 -0.150194 -0.170031 
0.0798168 -0.0666256 0.158512 0.0645271 0.162854 0.260155 -0.0987519 0.0769837 -0.0317871 -0.00704915 -0.0677477 0.110375 0.0519982 0.0255294 0.0971194 -0.0689361 -0.0126951 0.0547574 0.040836 0.0728805 -0.222049 -0.223232 -0.315243 -0.116121 0.0548204 0.0815563 0.00761232 -0.157066 -0.0760834 -0.260908 -0.197196 -0.0610748 
0.0647499 0.15702 -0.160412 -0.179106 -0.017415 -0.0916351 0.012762 -0.355876 -0.0937285 0.214916 0.278642 -0.0256373 -0.159739 -0.0941975 0.208776 -0.0466052 0.0299168 -0.0160964 -0.287113 -0.21318 0.0402528 -0.0287683 0.0016364 -0.135643 0.0814729 0.307595 -0.182849 0.192532 -0.135326 0.141359 0.135168 -0.0968814 
0.0732095 0.0730432 -0.324536 0.0866569 0.0527519 0.00381252 -0.148555 -0.0881631 -0.328682 -0.00791969 0.00622835 -0.0451481 -0.157551 0.0945365 0.0357308 0.103541 0.0880238 0.0626717 -0.212683 0.0377928 -0.108937 -0.05447 0.086705 -0.000905596 -0.0399511 -0.101649 0.0951367 -0.0711931 0.0354544 -0.045069 -0.0363639 -0.0814968 
0.160849 0.114918 -0.0197944 0.0327229 0.105291 -0.0154844 0.0567462 -0.067882 0.159677 0.213874 0.170406 0.0821145 -0.0113039 0.163847 0.163416 -0.0689561 0.0441904 -0.0356024 0.0443102 -0.124274 -0.0153036 -0.0830475 -0.081985 0.431418 0.132462 0.061089 -0.275543 0.0865408 -0.122677 0.192864 0.0156189 0.00646962 
0.00245412 -0.140575 -0.0420255 0.0714243 0.0656637 0.00629027 -0.137835 -0.0293114 -0.0468202 0.064113 -0.0283129 0.131521 -0.0795423 -0.0657594 -0.016167 0.0490899 -0.0433473 0.064499 0.0635674 -0.126507 0.021021 0.0258342 -0.104787 -0.12417 0.0337939 0.081001 0.273145 -0.260787 0.0812063 -0.0877351 0.176036 -0.000887903 
0.0890003 -0.0348339 0.0730565 -0.182889 -0.0687804 -0.122793 -0.0910623 -0.0615141 -0.235658 -0.260073 0.145926 -0.126195 0.247418 -0.106454 0.0449674 -0.0159674 -0.0555664 -0.0201764 0.0196138 -0.137409 0.0351492 0.0878489 0.0185172 -0.243183 -0.0228321 0.0570113 0.057531 0.0103839 -0.0505997 -0.119773 0.0621811 -0.0628595 
-0.0208003 -0.0665133 0.0560556 0.0821057 0.00456063 0.178571 -0.0444127 0.0597219 0.0536124 0.0178755 0.0742099 -0.000393461 0.0999352 -0.257391 0.184595 -0.0350986 0.0804839 0.0188289 -0.00843181 -0.147383 -0.0703735 -0.0501471 -0.282753 0.0720283 0.200752 0.178402 0.118552 -0.132881 -0.0436879 -0.0328931 0.0913177 -0.00595388 
-0.08676 -0.0020452 0.0306015 0.09131 0.0406473 0.183859 -0.0466595 0.121906 0.118432 0.153419 0.105393 0.193279 -0.0788137 -0.128086 0.0255216 -0.138915 0.00211604 -0.0443901 0.0783469 -0.0839903 -0.0572917 0.0436396 -0.172394 0.221353 0.185035 0.124179 -0.0358808 -0.0724128 0.0180321 -0.0178459 -0.0415627 -0.00410312 
0.296556 0.138538 -0.00344369 0.0807073 -0.0379062 -0.254495 0.0385418 -0.115637 -0.000620003 -0.20544 0.196443 -0.0399532 0.0230582 0.388957 -0.117346 0.066908 -0.144985 0.0130198 0.201196 0.0316364 -0.068979 -0.391427 -0.0252853 0.137856 -0.206961 -0.223075 0.126434 -0.0568343 0.0121364 0.0552142 -0.00160855 -0.128212 
-0.0891196 -0.0367773 0.00217285 -0.201438 -0.0324578 -0.20846 -0.216825 -0.0215082 -0.0496783 -0.137783 -0.115245 -0.0297592 0.10147 -0.0305381 -0.176046 0.124147 -0.0284624 0.048237 0.106664 0.0478326 0.136324 0.187381 0.188856 0.143783 -0.00401224 0.136258 0.231534 -0.0365863 0.00636751 -0.093897 -0.149316 -0.051316 

W4:
-0.0500303 0.0968584 0.134183 0.036989 0.161023 0.132681 -0.0937915 -0.0775084 0.011995 0.0764539 0.00472207 0.0874128 0.0724033 -0.0161282 0.0702868 -0.0144135 -0.291017 -0.000773762 -0.108988 -0.248551 -0.0072716 0.088903 -0.186397 -0.110306 
-0.109812 0.000351896 0.176575 0.0217689 0.105455 0.101999 -0.0307079 0.193697 0.153003 0.172663 0.0774419 0.0671435 0.191033 0.0861201 -0.00324931 0.0280268 -0.212883 0.0371526 -0.0462947 0.0479453 -0.141246 0.107506 0.00220154 0.117455 
0.058687 1.47495e-06 0.149739 0.0997479 -0.0457323 0.234636 0.063844 0.20084 -0.0100504 0.314323 0.0267563 0.347711 0.108285 0.0970355 0.103556 0.107095 0.099905 -0.135003 -0.0192727 -0.0625232 -0.102219 -0.0677704 -0.00278931 0.396014 
0.228801 0.064839 -0.03553 -0.00727415 -0.114949 -0.233531 0.194006 -0.0911099 0.0291871 -0.206771 0.0320105 0.135607 -0.190435 -0.252276 -0.103874 -0.0197715 -0.0487816 0.0650696 -0.116798 0.126948 -0.0514778 -0.0523589 0.00114321 -0.074461 
-0.0976255 0.25369 -0.00259763 0.0248228 0.0325078 -0.165471 0.183598 0.00228806 -0.206444 0.116039 -0.08751 -0.00582588 -0.146008 0.117437 0.125048 0.0363247 0.0187516 -0.133575 0.229826 -0.157316 0.162318 -0.0838635 0.139962 -0.069113 
0.139968 -0.00716612 0.0521552 0.14793 -0.21688 -0.370006 0.225766 0.144819 -0.0429676 0.0028541 -0.0481917 0.124113 -0.0704174 -0.0703545 0.0142707 0.0322734 0.13316 -0.18484 0.0201289 0.0080465 0.105767 -0.0401205 0.298883 0.199296 
0.0441116 0.217883 0.0838377 0.110569 -0.0865454 0.0999619 0.11324 0.0631269 0.0721773 -0.172756 -0.0213152 0.256133 -0.0452121 -0.0769204 -0.0467849 -0.063306 -0.20279 0.140101 -0.0611503 -0.085763 -0.133307 0.013944 -0.0130135 0.251417 
0.196366 -0.11191 -0.0251778 0.0126816 -0.250104 -0.132637 0.135407 0.260684 0.0686933 -0.0570961 0.0763383 0.341741 -0.046556 0.00723758 0.116082 -0.0708404 0.483198 -0.103116 -0.0264916 -0.0299457 0.154184 -0.100258 0.253569 0.298255 
-0.101755 -0.161282 -0.0899123 -0.100363 0.0128161 0.207734 0.181822 -0.28704 -0.0333699 0.0628112 0.123641 0.210716 0.0954192 -0.11927 -0.0957079 0.070141 -0.243385 -0.320207 -0.404835 0.061049 -0.118166 0.265944 -0.107698 0.284164 
0.109669 0.13322 0.0790389 -0.0271605 -0.032746 -0.26002 0.193787 -0.00648501 0.010683 0.272605 -0.210834 -0.0543593 0.220066 -0.0228898 -0.214376 0.136806 -0.111621 0.0420575 -0.0742049 0.257908 -0.335554 -0.0539631 -0.0627697 -0.0226792 
0.0371466 -0.0424818 -0.121289 0.0493345 0.332699 0.116979 0.068219 -0.111113 -0.134877 0.00407609 0.139889 -0.202067 0.20153 -0.396278 -0.133631 0.15848 -0.49405 -0.0666735 0.038807 -0.0781235 -0.155578 0.425957 -0.263198 -0.135052 
0.0286176 -0.125088 0.0153219 0.0194737 -0.0571711 -0.187029 0.0886785 -0.00130697 0.0858357 0.00267415 0.0268577 0.00637571 -0.137287 0.0351271 -0.0951619 0.0298765 0.240291 0.0522883 -0.000347706 0.0866037 0.127829 -0.0114384 0.228673 -0.0539932 
-0.088836 -0.527182 -0.17063 -0.202158 -0.0655222 0.108452 0.338459 0.249079 0.108397 -0.115611 0.11309 0.113436 0.145072 0.0893691 0.221809 -0.152307 0.405201 -0.157404 -0.0517785 -0.261798 0.189898 0.000286603 0.0608564 0.219199 
-0.0289638 0.410027 0.109473 0.103921 -0.0108962 0.225783 -0.00709353 0.207426 0.0213734 -0.0627382 0.133905 0.364618 0.134084 -0.142737 0.0361592 0.0465869 -0.404697 0.107116 0.0229069 -0.207722 -0.00342481 0.0646524 0.0193003 -0.0544086 
-0.172168 -0.109223 0.0145957 0.0999372 -0.00908009 -0.12625 0.142033 0.0438671 -0.0626262 0.00537846 -0.075176 -0.128937 0.213548 -0.0110901 0.210741 -0.010929 -0.160608 -0.183566 0.216945 -0.0945771 0.310004 0.192053 0.11409 0.0422679 
-0.00151706 0.0385323 -0.0322493 -0.0339215 0.0890435 0.0727398 0.155701 0.143399 -0.0474679 -0.0272238 -0.0705533 0.00947784 0.0187212 0.10896 0.0389918 -0.0845563 0.0420496 0.172113 -0.00452524 -0.0451583 0.0909213 -0.0639024 -0.0311691 -0.0382295 
0.0741063 0.138965 0.093293 0.119539 -0.0282691 -0.150615 0.229233 0.163952 0.0972001 -0.0440934 -0.035948 0.0424304 -0.0364725 0.0307698 0.115182 -0.0461545 0.148627 0.133216 0.282721 0.0394952 0.228713 0.0921427 0.128041 0.0186638 
-0.0266752 0.0628659 -0.020456 0.0531525 0.0765588 -0.000601905 0.120088 0.0403888 -0.109761 0.0828809 -0.133534 0.0142825 0.0752169 0.139042 0.0678192 -0.0792352 -0.150097 -0.0259841 0.0646962 -0.00695676 0.0699959 -0.114789 0.0175555 -0.0485665 
-0.103656 -0.0973702 -0.00136979 -0.0647387 0.0492779 0.171723 -0.0293568 -0.0770043 -0.18919 0.125625 0.0694051 0.176835 -0.0940758 -0.0335617 -0.0989899 0.0181134 -0.180163 -0.202994 -0.181887 -0.14961 -0.161001 -0.230293 -0.0637414 0.0783696 
0.122933 0.153547 0.174437 0.0172455 -0.116754 0.110837 0.0450656 0.0885735 0.0923547 0.0803577 -0.112815 0.167426 -0.105324 0.033464 0.0334306 -0.102192 0.180841 0.122683 -0.130389 0.11513 -0.117392 -0.321357 -0.101243 0.248651 
0.417065 0.127449 -0.16958 0.155976 0.0372825 0.161729 -0.0223073 0.240785 -0.0339447 0.0315516 0.262547 -0.0443168 0.263577 -0.106641 -0.06842 0.228486 0.200084 0.0364884 -0.244879 0.14231 0.213109 0.287855 0.143209 0.142168 
0.0267504 0.0621847 -0.366631 0.0318945 -0.102401 -0.225931 0.0657283 0.217407 -0.0797655 0.10538 0.0103111 -0.182852 -0.226015 0.0709684 -0.142754 0.0589215 0.400692 -0.00743431 0.16463 0.145418 0.11301 0.153239 0.0370243 0.268712 
0.26792 -0.136761 -0.0338935 -0.0501442 0.089163 0.30024 -0.14314 0.111047 0.0818904 -0.033368 -0.029524 -0.25134 -0.0290956 0.0483029 -0.131503 -0.0282965 0.0426024 0.334176 -0.305624 0.104005 -0.149088 -0.190838 -0.232614 -0.0303701 
-0.0121974 -0.0875393 -0.171577 -0.113939 -0.0542037 -0.0487663 0.431784 0.0655175 -0.188859 0.0335507 -0.208568 0.0482625 0.00901727 0.123695 -0.0891576 -0.0255336 -0.491656 -0.168034 0.00851731 -0.0174942 -0.230554 -0.131724 -0.0166843 0.284768 
-0.0525029 -0.148384 -0.140445 0.00406926 -0.104569 -0.270621 0.0761634 -0.0513906 -0.0725452 0.0215079 0.00829263 -0.210669 -0.0681323 -0.0974513 -0.011395 0.149529 0.0921681 -0.135794 0.0776566 0.105887 0.179024 0.0690622 0.134645 0.140539 
-0.138883 -0.139004 0.0251729 -0.144713 0.145313 -0.0106398 0.14284 -0.240107 -0.105406 0.329023 -0.0470036 -0.422237 -0.0744169 0.0823449 -0.0980263 -0.000159267 0.108199 -0.310185 0.0821704 0.227914 -0.0596433 0.0130713 -0.161772 0.0732701 
-0.127862 0.116585 0.32183 0.0479311 -0.0221628 0.154407 0.419223 0.105447 0.0380596 0.0438932 -0.166375 0.325077 -0.10821 0.0961393 -0.0874007 -0.0925921 -0.338092 -0.01717 0.0813449 -0.205445 0.149865 -0.341892 0.133686 0.108859 
-0.101675 -0.342633 -0.116018 0.000647118 0.128168 0.112049 -0.0406629 0.215368 0.0888232 0.0870889 0.0507725 -0.171489 0.36542 -0.0176359 0.00545086 0.177735 -0.312159 -0.0551494 0.0651753 0.0318363 -0.242378 0.184725 -0.042955 0.186177 
0.19194 0.057249 0.0373004 0.00954043 -0.0766488 -0.0368213 -0.168782 -0.088212 0.0589105 0.0622697 -0.000703695 0.0174845 -0.171037 -0.0122921 -0.17878 0.0273708 0.187066 0.0872863 -0.190565 0.150793 -0.211507 -0.0810807 -0.101964 -0.0810408 
0.0356809 0.0222113 -0.0826804 0.0811401 0.0947315 0.126579 0.0946902 0.067109 0.0119429 0.0246914 -0.0227399 0.0394532 0.342759 0.0122623 0.000342575 0.0410162 -0.145662 0.174034 -0.00548978 -0.0402719 -0.0772865 0.277439 0.0563469 0.0742274 
-0.0893588 0.0522584 -0.266378 0.114592 0.07371 -0.156407 -0.0462243 -0.163057 -0.0796284 -0.321963 0.127185 -0.0647814 0.0280663 -0.125386 -0.0763663 0.0350498 -0.087534 -0.0658927 0.201519 -0.130668 0.00736052 0.336164 0.131319 -0.175767 
0.211944 -0.0268061 -0.0809175 0.0431456 -0.138709 -0.0829302 -0.0744014 -0.180329 0.054537 -0.243518 -0.00477985 0.0577601 -0.105057 -0.214819 -0.0696514 -0.0415747 0.0212711 0.0315712 -0.0951337 0.0538233 -0.0477809 0.157178 -0.0922755 0.0444798 

W5:
-0.0745565 0.339619 -0.136556 0.519897 0.182688 0.0817792 -0.260361 0.266061 0.131498 0.334771 -0.36558 0.424229 0.31322 0.266417 0.631821 -0.0210948 
-0.274949 0.333796 -0.0129901 -0.291594 -0.333149 0.0618278 0.612601 0.322431 -0.0404193 -0.0716599 0.37031 -0.121214 -0.222531 0.239435 -0.0417648 -0.298674 
0.045913 -0.138036 0.397548 -0.118748 0.269596 0.383819 0.370734 -0.473969 -0.158786 -0.255516 0.147579 -1.05243 -0.42497 0.265143 -0.151124 0.208324 
-0.108941 0.302072 -0.0149966 -0.177717 0.0315239 -0.00681254 0.279418 -0.0568962 -0.0197592 -0.51147 -0.0617752 -0.041305 -0.466459 0.180501 -0.0105995 -0.155716 
-0.160098 -0.0667294 -0.380479 -0.207977 -0.0367115 -0.093635 -0.23058 -0.470133 0.0630845 0.262192 0.188681 -0.10521 0.480157 -0.0727756 0.311703 -0.0580925 
-0.091862 -0.047279 0.125048 -0.117172 0.287848 -0.0203021 -0.201461 -0.350991 -0.0631706 0.342363 0.613905 -0.6469 0.502225 0.0153383 0.152544 -0.0892886 
-0.0103935 0.259312 0.0107387 0.199877 -0.0940755 0.0957483 -0.544643 -0.037089 -0.432248 0.457164 0.138924 0.197313 0.697934 -0.18746 0.215212 0.735774 
0.0516859 0.372279 0.242207 -0.233162 0.365383 -0.0267599 0.479564 -0.369238 -0.0639928 -0.782474 -0.126961 -0.119246 -0.654264 0.090984 -0.0124095 -0.144188 
0.172111 -0.165085 -0.0931355 0.0283946 0.333072 -0.0428122 0.189931 -0.290345 0.436218 -0.377376 -0.142338 -0.323191 -0.260243 0.36477 -0.0630568 -0.338091 
-0.215395 -0.165256 0.139253 -0.183357 0.00668509 0.165335 0.524045 -0.460726 -0.224362 -0.0910859 -0.0704609 -0.375059 -0.681091 -0.213837 -0.125456 -0.0611608 
-0.0904632 -0.0228186 -0.322174 -0.0762051 0.138286 -0.233083 0.125083 -0.173864 0.140001 -0.463368 -0.143065 -0.260614 -0.578486 0.118213 -0.241237 -0.359967 
0.148696 0.331763 0.177854 -0.133104 0.102449 0.139745 0.0576195 0.0971613 -0.0580924 -0.274321 0.599094 -0.692545 0.0700888 0.374487 0.0146835 0.307568 
0.187498 0.0903915 -0.163525 -0.0283966 0.397577 -0.0917652 -0.448947 -0.286611 0.0848657 0.239822 0.31389 0.116304 0.492506 -0.103415 0.242527 -0.10927 
0.207083 0.110792 0.485294 0.114101 -0.0148981 0.169586 0.323834 0.12768 0.0666761 0.265988 0.20827 0.236466 0.0464838 -0.403903 -0.0676628 -0.201107 
0.22885 0.194102 -0.00355467 0.0693033 0.184958 -0.0471098 -0.655902 0.206641 0.0816976 0.309158 0.579091 0.0642478 0.658479 -0.391696 -0.068183 -0.213853 
-0.277925 -0.236844 -0.111717 -0.117592 0.0188595 -0.00331644 0.337696 -0.328664 -0.168839 -0.421132 -0.253469 -0.00239432 -0.776843 0.0123115 -0.145712 -0.0247391 
0.0425792 -0.300308 0.0293656 0.443316 0.0854734 -0.214592 0.194664 -0.229 0.596641 0.361702 -0.234353 0.126786 -0.168899 0.202809 -0.177247 -0.730568 
0.323701 0.334242 -0.0287983 0.140196 0.27576 0.177834 0.0291214 -0.123496 0.477784 0.282823 -0.009712 -0.01205 0.581061 0.0394028 0.420994 -0.177586 
0.0682263 0.164304 -0.149591 -0.987336 -0.272139 -0.155037 0.388622 -0.156042 -0.0336 -0.617301 0.139942 0.0176554 -0.362829 -0.0715451 -0.089011 -0.596644 
0.23961 0.153576 0.111322 0.487943 0.0710493 0.215646 -0.078161 0.133747 0.24772 0.37816 -0.414823 0.623087 0.17249 0.104335 0.276203 0.173382 
0.144256 0.0962074 0.126882 -0.126046 0.119745 -0.371325 0.18303 0.191972 0.285199 -0.480843 0.324419 -0.254492 -0.369542 -0.153599 -0.404086 -0.670287 
-0.00564376 0.0989267 -0.343592 -0.375097 -0.0601308 -0.417758 0.120918 -0.295016 0.0721136 -0.384141 0.140801 -0.131077 -0.494873 -0.019255 -0.256455 -0.372599 
0.280986 0.609418 0.165391 -0.0838307 0.0734835 0.0501665 -0.323036 0.219315 -0.0625855 -0.0450128 0.356539 0.522259 0.0806074 -0.233695 0.0616637 0.0378484 
-0.043562 0.0280346 0.270913 0.257 0.312629 -0.150408 -0.0858416 0.0486749 -0.373681 -0.455004 -0.269802 -0.236282 -0.582034 -0.0200474 -0.364238 0.324724 

W6:
0.0163964 0.00804876 0.878542 0.746098 0.364518 -1.3401 0.37583 -0.118685 -0.598497 
0.380602 0.967025 1.09576 0.230199 -0.168508 -0.209541 -0.105479 -0.224582 -0.54024 
0.233392 0.514962 -0.882445 0.305621 -0.404713 0.0955064 1.31828 -0.720719 -0.265429 
-0.138033 -0.00506003 0.085779 0.245071 1.44972 -0.657961 0.775312 0.723264 -0.34032 
0.30637 -0.163273 -0.0244051 0.912052 0.759019 -0.389968 -0.0401746 0.259549 -0.668099 
0.893193 -0.560595 -0.752273 0.0374947 -0.683827 0.68352 0.199734 -0.429526 -0.340083 
-1.96207 0.276188 -0.265608 0.369659 -0.245869 0.706767 0.368256 -0.986487 0.0663583 
0.503072 0.733751 0.369731 -1.57982 1.31896 -0.156212 0.716423 0.425463 -0.61 
-1.41893 -0.304919 0.346889 0.303481 0.357875 -0.118193 0.079734 0.237636 -0.267299 
0.4082 -1.4438 1.1768 -0.700556 0.688838 -0.418603 0.756096 -0.142268 0.368686 
0.742952 0.502335 1.57097 0.284343 -1.27122 -0.623138 0.323918 0.318803 -0.463737 
0.652205 0.398108 0.4562 -0.195967 1.9202 -0.336679 -0.51644 -0.654837 -0.588712 
0.605489 -0.687539 1.38761 -0.11672 -0.179725 -0.497969 0.0943836 0.0858913 -0.393745 
-0.38595 -1.32725 -0.306876 -0.341704 -0.400806 1.57737 -0.432513 1.00321 -0.927037 
0.82722 -0.921873 0.736093 0.439446 1.22166 0.00494103 -0.501206 -0.25308 -0.402234 
1.47929 -0.00736157 -0.90791 0.252776 -0.287825 0.0196854 -0.388444 -0.065928 -0.25736 

Biases:
0.00196069 -0.000157353 -0.00194057 0.000444922 0.000859213 0.00212064 -0.0001581 -0.00206979 0.000170014 
0.000520712 0.000494133 -0.00148233 -0.000259774 -6.73096e-05 0.000427875 -0.000186442 0.000713451 0.00109866 0.000497038 -0.000579251 0.000556481 0.00103208 -0.000357745 -0.000258146 -0.000542398 -0.00029597 0.00100749 -0.000309398 1.62259e-05 0.000834077 -0.000128236 0.000367511 0.000149562 0.000246239 0.000918885 -4.32656e-05 0.00121751 -0.000171275 0.000575623 -0.0010732 0.000941684 2.607e-05 0.000356462 -0.00035625 -0.000442659 0.000620144 -0.000293709 -0.000620351 0.000427229 -0.0011522 0.000941285 0.000689376 0.000107437 0.000767328 6.32641e-05 0.000909441 -0.000982295 0.000544942 0.000698462 -0.000623579 -9.15851e-05 -0.000480152 0.00028433 0.00135187 0.000906385 0.000391235 6.04671e-05 0.000166567 0.000545956 0.00089124 0.000833331 8.36764e-05 -0.000798432 
2.64449e-05 -0.00051963 -0.000544139 -0.000225538 0.000197072 -0.00100752 -0.000780622 -0.000175473 -0.000486148 0.000714805 0.000250147 0.000840977 0.00107422 0.00117328 -0.00102877 -0.000221011 -0.000431845 0.000521651 -0.000529029 0.000786195 0.000441297 0.000979338 -0.000339196 -0.000967595 0.000696571 0.000709767 0.000147242 -4.92541e-05 -0.000917946 0.000124384 0.000291495 -0.000105546 0.000890479 0.000310411 0.00124641 -0.000375472 0.00067693 0.000400547 0.000299764 0.000491989 -0.000522318 0.00123087 0.000499911 -0.000532345 0.000203409 0.000126972 -0.000735085 -0.000951491 
-0.000434504 0.000184599 0.000999067 -0.00117508 -0.000794441 -0.000686621 -0.000205336 0.000506156 -0.000978946 -0.000424217 -0.00047619 -0.000850028 -0.000103003 -0.000157621 -0.000908338 0.000178778 0.000398771 0.000337572 -0.000603605 0.000839318 -0.000676037 0.000833563 0.000825655 -0.000609577 -0.000628504 -0.000401047 -0.000292687 0.000775377 0.00144811 4.67538e-05 -0.000706364 -0.000602048 
0.00060076 -7.05753e-05 -0.000469859 0.000165628 0.000655486 6.07397e-05 0.00038405 8.66373e-06 0.000556234 -1.66025e-05 -0.000142119 -0.000747689 0.000696533 -0.000218325 -0.00019559 9.82063e-05 0.00126274 0.000154443 3.47612e-06 0.000612636 -0.000792866 -0.000473115 -0.000551555 -0.000259215 
3.66889e-05 0.000115412 -0.000361168 0.000177927 0.00019331 0.000421521 9.53025e-05 -0.000630403 0.000295224 0.000193933 -0.00010948 0.00142488 0.000680891 0.000334226 0.000673715 -0.000399491 
-0.00026794 -2.4655e-05 -0.000350574 -0.000285422 0.0996671 4.52025e-05 0.000378773 4.52513e-05 -7.64159e-05 