
W1:
-0.00953632 -0.00340183 -0.00592481 -0.00495618 -0.00122376 -0.00514987 0.00810781 0.00649341 0.00499185 -0.010834 0.00737878 -0.00665517 0.00490466 -0.00175159 -9.26238e-05 0.00463577 
-0.00516793 -0.00690969 0.00155989 -0.00133562 0.0010232 0.0074062 -0.00256525 0.00685392 -0.00520778 -0.006997 0.0067474 0.00891414 0.00954885 -0.00201391 -0.00962222 0.00218031 
-0.00771375 0.00648115 -0.00543767 0.000416637 0.00492098 0.0074003 0.00140253 0.000581489 -0.00371806 -0.00345347 0.00800999 0.00142003 0.00598762 0.0055736 -0.00574683 -0.00905216 
-0.00330527 0.00434163 0.00773876 0.00588171 -0.00554685 -0.00802619 -0.00747372 0.00238946 -0.00305549 0.00198429 0.00339912 -0.00472934 -0.00532009 0.0037949 0.00442426 -0.000168294 
0.00109543 0.00440773 -0.00448947 0.00985446 0.00210502 0.00235546 -0.00101073 -0.00177675 0.00755792 -0.0137733 0.0033371 -0.00563899 -0.00191431 0.00136837 0.00764908 -0.00759196 
0.0042734 0.00297777 -0.00554144 0.00237947 -0.00243384 0.00533504 0.00511492 -0.00318632 -0.00990618 -0.00112406 0.00817956 0.00245867 0.00320779 -0.00561456 -0.00597229 -9.57011e-05 
0.00986358 0.00364919 0.00106457 -0.00364645 -0.00270844 6.25458e-05 0.00462095 -0.00146831 -0.00417909 0.00694099 -0.00264737 0.00406939 -0.00979963 0.0095691 -0.00051483 0.00259561 
-0.00260781 0.00281807 -0.00846096 0.00916282 -0.0082993 0.00873191 -0.000815879 0.00917506 -0.00866448 0.00817665 0.00566835 -0.00305238 -0.00808818 0.00875614 0.00452817 0.00771192 
0.00422488 0.00370061 0.00413558 0.0108291 -0.00540954 -0.00583623 -0.00583358 0.0130423 0.00384406 -0.00677202 -0.00316904 -0.00182484 -0.0132729 0.00390399 0.00020451 0.00652053 

W2:
0.00669332 0.00495078 0.00310705 -0.00654788 -0.00441686 -0.00952754 0.00242474 0.0085403 0.00131669 -0.00971388 0.008474 -0.00599671 -0.00426527 -0.00273776 0.00162364 0.00494266 -0.000917757 -0.00980013 0.00485549 -0.000794322 -0.00606376 0.00190531 -0.00422983 0.000428387 -0.00979148 
-0.00789617 0.00452408 0.0115347 -0.00490775 0.0108527 -0.00781309 0.00810602 -0.00253221 0.0030833 -0.000228796 0.0061018 0.00855217 -0.00224094 -0.00693337 0.00788625 -5.78243e-05 -0.00166311 -0.00569468 0.00263945 0.00484678 0.00807826 0.00356761 -0.000195503 -0.0106449 0.00145234 
-0.00173377 0.00708011 0.000972572 -0.00530081 0.00776257 -0.00830923 0.00317556 -0.00508971 -0.00568128 -0.00250533 -0.00921831 -0.00374406 -0.00648693 0.00475375 -0.00195252 -0.00502151 0.000138676 0.0065309 0.0026768 -0.00593968 -0.000499201 0.00265308 0.00735195 -0.00229056 0.00322864 
0.00392382 0.00715526 0.00823298 0.00762565 0.00827286 0.00489615 -0.00462692 0.00197622 0.00732451 -0.00438732 0.00783497 -0.00470396 0.00123657 -0.00981296 0.00403619 -0.00309595 -0.00348952 0.00970112 -0.00106335 -0.000778627 -0.00127353 -0.00606573 0.0087114 -0.00974784 -0.00265077 
-0.00800987 0.0021597 -0.00712484 0.000654143 0.00171825 0.00279156 0.00519137 0.00672449 0.00597637 -0.00315312 -0.00204917 -0.00190888 0.00470601 0.0060769 -0.00401727 0.00536678 0.00652033 -0.00812152 0.00817481 0.00982659 0.00397493 -0.00631306 -0.0100529 0.00310888 -0.00954685 
0.00391595 -0.00395755 -0.00601326 0.0041805 -0.00536715 -0.000721387 0.0076088 0.00673657 -0.00231153 0.00788745 -0.00348189 0.0056013 0.00479729 -0.00130596 0.00516208 0.00505486 8.17771e-05 -0.00670692 -0.00106377 0.00648329 -0.00218487 -0.00785051 -0.00772836 0.00633509 -0.00847005 
0.00782214 0.00434772 0.00167594 -0.00644467 -0.00901255 0.00544694 -0.0091034 0.00682447 -0.0048528 0.00482663 -0.0084743 0.00481412 -0.00659345 0.00442637 0.00585073 0.00616873 0.00324003 0.00760937 0.00543834 0.00948745 -0.00399823 0.00583595 0.00497628 0.00101698 -0.00542564 
-0.000199371 -0.00245191 0.000959277 -0.00288539 -0.00623829 -3.62338e-05 0.00895494 -0.00196961 -0.011061 0.00141926 0.00554852 -0.00484281 -0.000618687 -0.0108508 -0.00446158 0.00936799 0.00299578 0.002727 0.00373173 0.0114925 0.00709152 0.003713 -0.00772741 -0.00453618 -0.00983229 
0.00386009 0.000490682 0.00279145 -0.000446675 0.00371855 0.00844986 0.00141785 -0.00652179 -0.0098375 -0.00245932 -0.00594254 -0.00454287 -0.00346922 -0.00470132 0.00163449 0.00530481 -0.00364498 0.00147775 0.00482024 0.0110069 -0.00238636 -0.00541494 0.00277831 0.00709721 0.00738062 
-0.00507104 0.00190281 -0.0112323 0.00283564 0.00116204 -0.00866462 -0.00314741 -0.00369415 0.0108114 0.0103841 0.00522246 0.00177701 -0.00569604 0.00177131 0.0100215 -0.00814751 0.000206456 -0.00574254 0.0041642 0.00136952 0.0026102 0.00239077 0.00848305 0.00576414 -0.00308347 
0.00720519 -0.0115672 0.0111362 0.00438036 -0.00597451 0.00392073 -0.00383392 -0.00828028 -0.00279268 0.00795439 0.00410653 0.00576629 0.004235 0.00536081 -0.00510265 -0.00873871 0.00697757 -0.00170289 0.00377938 0.00466068 -0.0074876 -0.00653861 -0.00154456 0.0024535 0.00563797 
-0.00321558 0.000629138 -0.0107986 -0.00384468 0.00401326 0.00522503 0.00959407 0.00461934 -0.00032019 -0.00274743 -0.00362494 -0.00543632 0.00272842 -0.00527184 -0.00244019 0.00896007 -0.000781882 -0.00358634 0.00840011 -0.00484576 0.00973208 -0.00179466 -0.00953868 -0.00513199 0.00524722 
-0.00665155 0.00275686 -0.00223483 -0.00843042 0.00803188 -0.0102409 -0.00665456 0.00843369 0.00995083 0.00597009 -0.00271238 -0.0065875 0.0044452 0.00320272 -0.00092601 -0.00670222 -0.000764175 -0.00833378 0.00835202 -0.00625705 -0.00369384 -0.00427316 0.00778569 0.00497378 -0.00579152 
-0.00751497 -3.85701e-05 0.00376822 0.000890475 0.0010942 -0.00270326 0.00626683 -0.00149486 0.00575702 -0.00945402 0.00311881 0.00103415 0.00780116 -0.00756264 0.00507988 0.00202804 0.00350321 0.00460224 -0.00481001 -0.00194101 0.00281916 0.00454317 -0.0038205 -0.00353168 0.00372565 
-0.00639837 0.00723244 0.00623068 0.00755771 0.00661023 -0.00357346 -0.00199584 -0.00666999 -0.00284912 -0.000213275 -0.00244867 0.00549166 -0.00117489 -0.00609839 -0.00083065 -0.00172258 -0.0069805 -0.000632757 0.00322619 -0.00433702 -0.00803726 -0.00961148 -0.0054976 -0.00555055 -0.00441845 
-0.000215895 -0.00385442 0.00899298 -0.00697492 -0.00402589 -0.00442074 0.00693974 -0.00419591 -0.00490795 -0.0100813 0.00761147 -0.00123738 0.00528972 -0.00207495 -0.0024751 0.00619256 0.00385807 -0.00144953 0.00602561 -0.00736568 0.00562697 0.00326477 0.00933789 -0.00303985 0.00712746 

W3:
0.000684968 -0.00610499 -0.00264616 -0.00422847 0.00237995 0.00675266 0.0107287 -0.00379364 -0.00642566 0.00931851 0.00704301 0.00690942 -0.000329395 -0.00885822 -1.55796e-05 0.00348008 0.00997644 0.00422506 0.00774584 0.00192926 0.000464059 -0.0010892 0.00722568 -0.00664356 0.00899393 -0.00722993 -0.00843471 0.000812622 0.000681307 0.00970112 0.00420452 0.00352509 0.00339658 -0.00401304 -0.00734805 -0.00759129 
-0.00788895 0.00360857 -0.00560277 0.00129618 0.00688953 0.00539896 -0.00106341 -0.00466511 -0.00019059 -0.00325697 0.00247508 -0.00318262 -0.00834839 -0.00554759 0.00725422 0.00342407 -0.00759129 0.000874931 -0.00269183 0.0101225 -0.00590689 -0.0021458 0.00470646 -0.00625211 -0.0037367 -0.0091579 -0.00746832 -0.00106383 0.00962996 -0.00755738 0.0109831 -0.0127405 0.00476146 0.008489 -0.00506715 0.00487908 
-0.00238179 0.00341452 -0.00349087 -0.00562711 0.00195372 0.012054 -0.00125373 -0.00113577 0.0110517 0.00935915 -0.00660956 0.0121194 0.0125976 0.00971864 0.000324988 -0.000883345 0.00726506 0.00570071 0.0107808 -0.00847981 -0.00491645 0.00570109 0.00763911 -0.00341488 -0.00103052 0.00477845 -0.0060787 -0.00375647 -0.00977005 0.000185058 -0.0106327 0.0128769 0.00294004 -0.00619873 -0.0025448 -0.0101631 
0.00645338 -0.00122375 0.00337349 0.00514078 -0.00674785 0.00460802 -0.00794326 -0.00720113 0.00667819 -0.000391971 0.00737063 0.0036733 0.00366631 -0.00252794 0.009498 0.00493305 -0.000774404 -0.00827447 -0.007622 0.00324355 -0.00232738 -0.00557311 0.00745381 0.00371116 0.00917524 0.00759219 -0.00518825 -0.0016472 -0.00798208 0.00925208 -0.00793337 0.00345561 -0.000728531 -0.00525402 -0.00877328 0.00655347 
0.00618383 -0.0076078 -0.00703334 -0.00359008 -0.00530524 -0.00875289 0.00401878 0.00411814 -0.00935992 0.00900946 0.00118943 0.00688409 -0.00296286 -0.00668246 -0.00135381 0.00984296 -0.0115337 -0.00379035 -0.00353288 -0.000361576 0.00495712 -0.00718767 0.00181228 0.00795709 0.00407221 -0.000214827 0.007507 0.0024457 -0.00421115 -0.00565425 0.000859653 0.00118033 -0.00148977 0.00711816 0.00799254 0.00717067 
0.00941941 0.00548841 -0.00526964 -0.00598532 0.00572663 0.000479604 0.00638946 -0.00848883 -0.00380864 0.00378334 -0.00991865 0.0106146 -0.00458522 -0.00757322 0.00345922 -0.00643828 0.00424855 -0.00106861 0.0105973 -0.0116342 0.00590652 0.00454006 -0.00859158 0.00678342 0.00315516 -0.00215227 0.00571903 -0.00220303 0.00527869 -0.00352571 0.00606055 0.00683492 0.000265124 0.00381086 -0.00187736 0.00835827 
0.00276725 0.00733894 -0.00715714 -0.00802273 -0.000251389 0.0102248 0.00636088 0.00309247 -0.0044408 -0.00838283 -0.00903169 -0.00198619 0.00868635 -0.00506545 0.00298432 -0.00816276 0.00152131 0.00217337 -0.000440548 -1.37988e-05 -0.00353869 0.00935128 -0.00495574 0.00895142 0.000163529 -0.00962406 -0.00322663 -0.000339638 0.00762187 -0.00456122 0.00520183 0.0115518 -0.00566775 0.00251788 -0.00486971 -0.00505167 
0.00135672 0.00324039 -0.000505531 0.00533819 0.00172097 0.00205135 -0.00221812 0.00296556 -0.00690889 0.00802546 0.00779568 0.00666941 0.00124112 0.00632032 -0.00528911 0.000544413 -0.00514471 0.00767037 0.0076187 0.00809124 7.99405e-05 -0.00831738 0.00275733 0.00699581 -0.00209324 -0.00369919 -0.0103937 0.00278262 0.00563755 -0.00976366 -0.00880593 0.00396243 0.00409359 0.0081324 0.00269562 0.00587875 
0.00608836 -0.00450758 0.00542335 -0.00973692 -0.00615669 -0.000596069 -0.00171069 -0.00415046 0.0048778 0.00104269 0.00717613 -0.00037619 -0.00860974 0.00035424 0.00876242 0.0063966 0.00039066 0.00950742 -0.0071453 -0.00553343 0.00871864 -0.001512 0.00168701 -0.00185517 -0.00933649 0.0062742 -0.00867035 -0.00264423 -0.0022842 0.00243584 0.00584088 -0.00501609 -0.00965753 -0.00292139 -0.00465258 -0.00191718 
0.00375102 -0.00826104 -0.00228128 -0.0085063 -0.00390816 -0.0036194 -0.0045674 -0.00944301 -0.00589018 -0.00503714 0.001582 0.00906447 0.00295578 0.00114648 0.00658447 0.00719982 0.00113822 -0.00652765 0.00507573 0.00784699 -0.00133921 0.0063524 -0.00903577 -0.00375474 -0.00168231 -0.00792402 0.00379813 -0.00724022 -0.00998941 -0.00887442 -0.00245412 -0.00460493 0.00285835 0.00284401 -0.00532018 0.00560329 
0.00436744 0.0083795 -0.0113384 -0.00682566 0.000949555 0.00606568 -0.00325206 0.00598266 0.00916693 -0.00194895 0.00824179 0.00747835 0.00273534 0.00414972 -0.00852478 -0.00858711 0.00437201 -0.000491719 0.0065314 -0.0114742 -0.00735759 0.00343914 -0.0038812 0.000489001 0.00401917 0.00581929 0.00671932 0.00173296 -0.0031129 -0.000835609 -0.00699044 0.00136082 -0.00398076 0.00780578 -0.00132251 -0.00313119 
-0.00717011 0.00349067 -0.00514261 -0.00858605 0.000819371 0.000868894 0.0100054 0.00171803 0.0096111 -0.000620161 0.00388672 -0.00531367 0.00334893 -0.00965961 -0.00924687 -0.00100721 -0.0018207 0.00409554 -0.00262614 0.0064768 0.00746243 -0.0066698 -0.00862166 -0.00803796 -0.00466527 -0.0099732 -0.00436726 8.04808e-06 -0.00195974 -0.00302837 0.00823894 0.00844615 0.00830598 0.00762362 0.00629149 0.00213336 
-0.00996621 0.00758266 -0.00935122 0.00714993 -0.00833141 0.00392221 0.00893081 0.000963366 0.00662633 -0.00357735 0.00870662 0.00865617 -0.000458552 0.0102113 0.0066816 0.00259684 -0.000618931 -0.00537527 -0.000431235 0.00662183 0.00262644 0.00182871 -0.00473977 0.0093028 -8.32434e-05 0.00496541 -0.00314498 0.003181 -0.00708189 0.00913405 0.00457016 0.0100195 -0.00142924 0.00667311 0.00372163 0.00416398 
-0.00255467 -0.00752997 0.00134112 -0.00430923 -0.00754554 -0.00855973 0.00170297 0.00420574 0.0045542 0.00368724 0.0069579 0.00447036 0.00720299 -0.00879664 0.00370236 0.00824625 -0.0042932 0.00922575 0.000920633 0.00937449 -0.0107266 -0.00908845 0.00887274 0.003492 0.00427873 -0.00749384 0.000549896 0.00520584 -0.00106029 0.000213465 -0.00537992 -0.00312496 -0.00352404 -0.00172962 -0.00187026 0.00394388 
0.00282284 -0.00667815 -0.00925643 0.00293837 -0.000978282 0.000254675 -0.00279731 0.00802573 0.00745757 0.00200524 -0.00355314 -0.00807363 -0.000525895 -0.00701877 0.00947016 0.00806523 0.00890817 0.00804126 -0.00518524 0.0043123 -0.00487982 0.0010386 -0.00641336 -0.00123695 0.00287221 0.00264633 -0.00805154 0.00165054 -0.00909974 -0.00352434 -0.0020864 0.000104432 0.00573689 -0.00843855 0.00870599 0.00600161 
-0.000365875 0.00632692 0.00778695 -0.00483353 0.00516081 0.00179596 -0.000808958 -0.00390977 0.00788554 -0.00509531 -0.0071243 0.0051475 -0.000443826 0.0088985 -0.00708671 -0.00461431 0.000154606 0.000399484 -0.00926898 -0.0105708 0.0103612 -0.00845033 0.00954693 0.00627394 -0.00927685 0.00442127 -0.00314046 0.000517608 0.00495153 0.00236621 0.00672488 -0.00176626 -0.00804077 0.00703878 -0.00939538 -0.000653552 
-0.0100423 0.00306899 -0.0114356 0.00747683 0.0104222 -0.00210612 -0.00228268 0.000394557 -0.00140898 -0.00600645 0.00470437 0.00983452 0.00331637 -0.00352708 0.00463622 -0.0108414 0.00267251 0.00697095 -8.69424e-05 -0.00673284 0.00831334 -0.00939953 0.00889048 0.00894723 0.00685441 0.00564877 0.00874709 -0.000327183 -0.0111466 -0.00779172 0.00238373 -0.00447328 0.00118436 -0.00466312 0.00435684 -0.00411662 
0.00951958 0.00141552 -0.00363761 -0.000161145 -0.00168366 -0.00728512 0.00267564 -0.000846489 -0.00703051 0.00440907 0.00859156 -0.00211878 0.00452791 0.00868081 0.00153367 -0.00398346 -0.0024871 -0.00549513 -0.0110242 -0.0030216 0.00399116 0.00315618 0.00172045 0.0067856 -0.00816698 0.000735662 -0.00789967 0.0119712 0.00654281 -0.00691661 -0.00168662 0.00274192 0.00774925 0.00015571 -0.00488295 -0.00514778 
0.00442918 -0.00284622 0.00694574 0.00386172 -0.00614284 -0.00687663 -0.00139587 0.0054955 -0.00794097 -0.00892309 0.00139725 -0.00988309 0.0074311 0.00879181 0.00529454 -0.000292507 -0.00387684 0.00675793 0.00704378 -0.00215696 0.00145637 0.00236847 0.00388184 -0.00204307 0.00357106 0.00589515 0.00107022 -0.00944064 0.0081585 0.00462041 -0.000714809 0.00082904 -0.00913476 -0.0071703 -0.000164965 -0.000259264 
0.00496655 0.00965786 -0.00601211 0.010511 0.00904738 0.00933776 0.00710387 -0.00570535 -0.00847509 -0.00475585 -0.00271356 -0.0075754 0.00397884 -0.00109793 0.00968304 0.00541069 0.00693322 -0.00187509 -0.00435817 -0.00217193 0.00257553 -0.00379297 0.00476708 0.0055119 0.00795383 -0.00309562 0.00549931 -0.000563391 -0.0108138 0.00830353 -0.00674733 0.00342525 0.00810853 0.00129537 0.00237253 0.00375867 
-0.00604148 0.000644423 0.00652659 -0.000443507 -0.0083667 0.000323696 0.00179707 -0.00470709 -0.00767292 0.00372477 -0.000479976 0.000363482 0.00464606 0.00167456 -0.00315073 0.00742432 -0.00368229 -0.00132166 0.005464 0.00860597 0.00717999 0.00592891 -0.00918012 0.00748434 -0.000456311 0.00558592 0.00110414 -0.00207693 0.00811759 0.00230019 0.00288421 -0.0015634 -0.0067613 0.0084537 0.00374441 -0.00752837 
0.00799347 -0.00294993 -0.00360868 0.00541464 -0.00398112 -0.00589871 0.000567335 0.00631764 0.00577922 -0.00303236 -0.00654657 -0.000405619 0.00205925 0.00163834 -0.00378308 -0.00125319 0.00542039 0.00711509 -0.00712235 0.00887747 0.00813802 0.00464983 -0.0080801 0.00222725 0.000718422 -0.0014615 -0.00501452 0.00143312 -0.00479857 0.00568739 -0.00128476 -0.00065276 -0.000854173 -0.00604353 -0.00895393 0.00779226 
0.00656255 -0.00461952 0.00143726 0.00238201 -0.00237089 -0.00615232 0.00206026 -0.00542935 0.00524795 -0.00716824 -0.00233233 -0.00608362 -0.00801319 0.00175364 0.00947288 0.00616507 -0.0102679 -0.00105194 -0.0050284 -0.00631435 0.00209115 0.00383166 -0.000687466 -0.0106524 -0.00325749 -0.00385453 -0.00653702 -0.00126111 0.0121478 -0.00436645 -0.00588913 -0.00797191 -0.00744114 -0.00256892 -0.00630191 0.00246418 
-0.00796905 -0.00537406 -0.000785237 -0.00628733 -0.00703552 0.0013362 -0.0033527 0.00428184 0.00133622 0.0034305 -0.00768427 -0.00812818 0.00709883 -0.00445241 0.00975357 -0.00534807 -0.00677188 0.00892627 -0.0121957 0.00613498 0.000453239 -0.00183138 0.00108167 -0.008339 0.00933574 0.000571017 -0.00168802 -0.00530652 -0.00344491 0.00726154 0.0109555 -0.00659896 0.00569651 0.000793921 0.000287029 0.00791247 
-0.00790183 0.00649106 -0.00761248 0.00596476 0.000520299 -0.00157554 -0.00261198 -0.00796103 0.00472903 -0.00787008 -0.00123294 0.00765039 0.00977352 -0.0051959 -0.00181477 -0.00588695 0.00134871 0.00319131 -0.00407365 0.00207728 -0.00415223 -0.00408824 -0.00559004 0.00218926 -0.000575939 -0.00628406 0.00352934 0.0012622 -0.00091911 -0.00637109 0.00446323 0.00361296 -0.00283695 -0.00213314 -0.00552148 -0.00496717 

W4:
-0.00131126 -0.00134195 0.00746484 0.00135877 0.00174109 0.00496053 -0.00478422 -0.00384489 0.00741735 -0.002481 -0.00373992 -0.00578822 -0.00319137 0.00184245 -0.00434513 0.00861838 0.000504267 0.00278369 -0.00250267 -0.000915474 -0.00175286 0.000250474 -0.00539773 -0.00647863 0.00760354 0.000873314 -0.00616495 -0.00467037 
-0.00101537 0.000984304 0.00524392 0.000149272 0.00259057 0.00913011 0.00775489 -0.00072081 -0.00364836 0.00373679 0.00542488 -0.00123361 -0.0115474 -0.00452092 0.000223912 0.003115 0.00634185 0.00610865 0.00746697 -0.000218331 -0.00422349 -0.00390485 0.0103038 0.00207328 0.00302568 -0.00338341 0.00594117 -0.0104806 
0.00104253 -0.00633093 -0.0108489 0.003083 -0.00380761 -0.00866778 0.00770547 -0.00280278 -0.00120047 0.0160252 0.00519908 -0.0048391 -0.00444511 -0.0056992 -0.00927549 -0.00600002 -0.00786087 -0.0098808 0.0069536 0.00718334 -0.00246084 0.00363507 -0.012907 -0.00168004 0.00440984 -0.00357716 0.00982433 0.0103421 
0.0092822 0.00973983 -0.0004753 0.00442827 0.00839508 0.00747588 0.00206296 -0.00796744 -0.00195269 0.000155709 -0.000408807 -0.00521683 -3.89591e-05 0.00341527 -0.00383384 -0.0014659 0.00805228 0.00412825 -0.00377762 -0.00117334 0.00854085 -0.00377576 0.00445666 -0.00678104 -0.00219853 -0.00744705 0.00783707 -0.00262521 
-0.00638223 0.00762765 -0.00395538 0.00312107 0.00731981 0.00812691 -0.000422113 -0.00783376 0.0100929 -0.0107739 -0.00455788 0.0131447 -0.00121872 0.0104217 0.0101944 0.00386141 0.0127489 0.00119602 0.00155208 -0.00663077 0.014255 -0.00974058 0.0124821 -0.00680125 -0.0108368 -0.00147727 -0.0136208 0.00352931 
0.00351924 0.00869376 0.00522989 -0.0110735 0.00887843 0.00459086 0.00621972 0.00573101 -0.0029291 -0.013942 -0.00332642 0.00990852 -0.0123655 -8.28097e-05 -0.00208162 -0.00238808 0.00796243 0.0122119 -0.00641752 -0.00643077 0.0102371 -0.00619792 0.0131453 -0.000249218 -0.0238082 0.000100024 0.00352458 -0.0139593 
0.00539144 -0.00469165 -0.00390312 -0.00960337 0.00202345 0.0117359 -0.00705505 0.00818882 -0.00666004 0.00121202 -0.00239907 -0.000488511 -0.0113925 -0.000532266 0.000675022 -0.00331003 -0.00257051 0.0136699 0.00410428 0.00605208 -0.00148367 -0.0126479 0.0165208 0.00680687 -0.00843358 0.00133581 -0.0111975 -0.00211921 
0.00330303 0.00572208 0.00269824 0.006455 0.00893542 -0.00288393 -0.00842953 0.000916015 -0.000823109 -0.00644783 -0.00361516 -0.00362867 -0.00214704 0.0104999 0.00945549 -0.0102307 -0.00638195 0.00700264 0.00815752 -0.00711348 0.00994604 0.00328139 0.0038385 -0.00619442 0.00230803 -0.00578747 0.000208471 -0.00105845 
-0.00583796 -0.00700016 0.00514044 0.00703752 -0.00159441 -0.00265977 -0.00854974 0.00877528 -0.00870937 -0.00942946 0.00927699 0.0120076 -0.00845461 0.00574325 -0.00300005 0.00542711 0.0107465 0.0132287 0.0103467 -0.0114622 0.00235725 -0.00186328 -0.00289877 0.00224236 -0.00905261 -0.00595586 0.00137441 -0.0100677 
0.00868592 -0.00554717 -0.00847379 0.000434512 -0.00799523 -0.00282255 -0.00319232 0.00833171 -0.00284408 -0.00817356 4.93345e-05 -0.00483508 0.00224256 -0.00809776 0.00919128 -0.00382319 -0.00575694 -0.0070407 0.00333524 0.000277771 0.00393825 0.00671997 -0.00704462 0.00314002 -0.00752995 0.00226888 0.00112304 0.00039539 
-0.000669188 -0.00864495 0.00571838 0.00494898 -0.00606811 -0.00515469 -0.010662 -0.00060363 0.00639571 -0.00978188 -0.00248025 -0.00802836 -0.00803876 -0.00213472 -0.00106154 -0.00927996 0.0048306 -0.00600094 -0.0013077 0.00859618 -0.00910261 0.00458268 -0.00191198 -0.00225091 -0.00231246 0.00917988 -6.56886e-05 -0.00925786 
0.00894894 -0.0103376 0.00165187 -0.000175906 0.00469833 0.0131798 -0.0032051 -0.00310049 -0.00511593 -0.00662128 -0.00519708 0.0168576 0.00408238 0.00328324 -0.00246286 -0.0118598 -0.00200888 0.00794423 0.000280363 -0.00034122 0.0114178 -0.00756231 0.00109396 0.00222859 -0.00461042 -0.00352917 0.00321825 -0.00848633 
0.000210973 -0.00440064 4.53074e-05 -0.00914313 0.0108301 -0.00240748 -0.00111492 0.000214749 0.00369949 -0.0127718 -0.0111201 0.000122827 -0.0108558 0.00755175 0.0108991 0.00600579 -0.0060908 0.0151739 0.000921262 -0.00303285 0.00196446 -0.0133259 0.00761073 -0.00505171 -0.0151752 0.00192383 0.000906371 -0.000110964 
-0.00471566 0.00280406 0.000142118 0.00520482 0.00114896 0.00126741 0.00278002 -0.000301722 0.00155532 0.00525906 0.00778969 0.00373567 0.00619165 -0.00432406 -0.0072931 0.00638796 0.00463413 0.0126993 0.00285906 0.00807221 0.00203463 -0.00875817 0.00310183 -0.00538433 0.00531444 0.00687298 -0.00603785 -0.0072592 
-5.28042e-05 0.00221847 -0.00822733 0.00867254 -0.00854503 -5.74259e-05 -0.00343676 0.00685212 -0.00522777 -0.00446987 -0.00815855 0.000879122 0.00236855 -0.000651129 -0.00846161 0.0103591 -0.00736566 0.00507649 0.00665508 -0.00985803 0.00671878 0.0113705 0.000346715 -0.00138167 -0.00128327 -0.00716335 0.00222098 -0.00343982 
0.000221293 0.0083873 0.000773803 0.00305196 -0.0107494 -0.00464579 -0.00124351 -0.00779577 0.000128203 0.00963939 0.0070819 -0.00988927 0.00207869 0.000187954 -0.0049019 0.0111969 0.00444906 -0.00887187 -0.00322828 -0.00194303 0.00462649 -0.00621227 -0.00861876 -0.00775032 -0.00424845 -0.0101997 0.00693974 -0.00615862 
0.00074585 -0.00291723 0.00448862 -0.0121418 0.000585011 0.0102837 -0.00362954 0.00476267 0.00916358 0.00292202 -0.00920654 0.00124637 -0.00480633 -0.00164247 -0.00102206 -0.00801594 -0.0059985 0.000592484 0.00654342 -0.00554301 -0.00475892 -0.014963 -0.00168441 -0.000464792 -0.014478 0.0070556 0.00438597 -0.00956902 
-0.00976347 -0.00982474 0.00127374 -0.00511585 -0.00676245 0.000960292 0.00701278 0.00932088 0.00463875 0.00701014 0.00115967 -0.0150195 0.0101907 0.00437944 -0.00219187 0.00940391 0.00457036 -0.00604591 0.000993628 0.0100665 0.0041658 0.0166791 -0.00291774 0.00349032 0.0251461 -0.0144933 0.00506365 0.00777394 
0.00480848 0.00245791 -0.00139514 -0.00419529 0.000631737 0.00791177 0.00343591 -0.00491753 0.00178729 -0.00445047 -0.000910773 0.0156689 -0.00698934 0.00356728 -0.0033602 -0.0108795 0.0129894 0.0110261 0.00410785 0.00282575 0.00217827 -0.0108171 3.74709e-05 0.00531831 -0.0107681 0.00960259 -0.0130507 -0.00112786 
0.00333961 0.0015612 0.00423445 0.00316775 -0.00807829 0.000313077 0.000993776 -0.00767649 0.00583599 0.00292877 0.0109369 -0.00127729 0.00969529 0.00305024 -0.00429645 0.00861303 -0.00811999 -0.0178221 -0.00631825 -0.00154102 -0.00557679 0.0148621 -0.00923291 0.00751453 0.0131566 0.00441009 0.00848966 0.000473364 
-0.00743368 -0.00995454 0.00810653 0.00417681 0.0102209 0.00771413 -0.0119006 -0.000994094 0.00587291 -0.00255013 0.00432944 0.00492449 -0.0115033 0.00484798 0.00946902 -0.00657074 0.0137099 0.0155351 0.00596761 0.00331531 -0.0025421 -0.0154959 0.00676968 -0.0108824 -0.0207565 0.00541631 -0.00342828 0.00319604 
-0.00289474 0.00773133 -0.00196269 -0.00693986 -0.000163362 0.000985458 -0.00948434 -0.00924715 0.00245498 0.0080289 -0.000192012 0.00658454 0.00537598 -0.00230189 0.00107429 -0.00280448 0.00983517 0.0111281 0.0069513 -0.00877132 -0.00743404 -0.00992508 -0.0042043 -0.000712944 -0.0102729 -0.00773126 -0.00546019 0.00750864 
0.00442535 0.000821618 -0.00813991 -0.00791778 -0.00221091 0.00237987 -0.00272768 0.00802121 0.00679535 0.0088345 -0.000834263 -0.00808792 -0.00579305 0.00330281 0.00272777 -0.00479338 -0.0103571 -0.00484821 -0.00444385 0.00287564 -0.00687615 -0.00398542 -0.00653905 0.00100448 0.00674101 -0.0102357 -0.00648549 -0.00536377 
-0.00559941 0.00441798 0.00799981 0.00724955 0.00276784 0.00457669 0.00589702 0.00937117 0.0100067 0.00207922 0.00696771 0.000515127 -0.00700765 -0.00281561 0.0106604 -0.000527596 0.000226595 0.010452 -0.00890994 -0.000414511 -0.00481376 0.000919688 0.00589469 0.00452962 0.00546176 -0.00334287 -0.00864084 0.00116854 
0.00367356 0.00560715 -0.00922392 0.000998871 -0.00754885 -0.0112217 0.0107967 -0.00797691 0.00847366 0.00981022 0.00492057 -0.00307849 -0.00899914 -0.00553232 -3.25949e-05 -0.00257133 -0.0105519 -0.00188069 -0.00747115 0.00195615 -0.000267228 0.0102021 -0.00915664 0.00281416 0.011259 -0.00920577 0.00361893 -0.000747442 
0.00109316 -0.000237059 -0.0040187 -0.00712439 -0.00579265 0.00707128 -0.00319652 -0.00531846 -0.00821428 0.00421578 0.0048728 -0.00953692 0.000289916 0.00729588 0.00122143 0.00508362 0.00742446 -0.0100373 0.00433701 -0.00681492 -0.00889502 0.00398782 0.00142583 -0.0024039 0.0103284 -0.00116183 0.00534631 -0.00445123 
0.00641992 0.00295992 0.00358486 0.00340983 0.00674376 -0.00362881 -0.00812946 -0.00414485 -0.0083122 -0.01354 -0.00612206 -0.00259949 -0.00283832 0.00673068 -0.00159186 0.00568877 0.00669279 0.00652399 -0.00252473 -0.0114218 -0.0026342 -0.0127443 0.00539614 -0.00116216 -0.0147323 -0.00454839 0.00329599 0.00811471 
0.00301582 -0.00780755 0.00811392 0.00791601 -0.0161386 -0.0106999 -0.00457274 -0.00170173 0.00950158 0.0113525 0.00430672 0.00246662 0.00665185 -0.00802736 -0.00259387 -0.00283402 -0.0125433 -0.00117901 -0.00967076 0.0112564 -0.00580167 0.0133353 -0.00903689 0.00217066 0.0232475 -0.0044959 0.00971997 0.00160424 
-0.0115495 -0.00463892 -0.00575926 0.00409531 -0.00515121 -0.011524 -0.00338555 -0.00884782 -0.0054452 0.0026188 -0.00761086 0.00374432 -0.00193658 0.00646781 -0.00642876 0.00655638 -0.00283791 -0.0154806 -0.000301938 -0.0040508 0.0036019 0.0175943 -0.00512625 -0.00764285 0.00430122 -0.000499565 -0.0031528 0.00947439 
-0.00780787 -0.0100508 0.00744188 0.00964868 -0.00356844 0.00530974 0.00396018 -0.00805849 0.00241137 -0.00354049 0.00601622 -0.00422446 0.00391419 0.00351496 0.00674993 0.0077264 0.0101573 8.53685e-05 -0.00775222 -7.26086e-05 0.00731821 -0.0107365 -0.00242804 0.000484796 -0.00846819 0.00768664 -0.000292884 0.000292993 
-0.00200527 -0.00552317 -0.00277186 0.0097664 -0.00826474 -0.0150232 0.0121347 -0.000922951 -0.00394135 0.00516232 -0.00191751 -0.0156057 -0.00488168 -0.00264048 -0.0124127 0.00822061 -0.00438844 -0.00248867 0.00346133 0.00928368 -0.0115992 0.00622044 -0.00815249 0.0070019 0.0217957 -0.00554724 0.00701611 0.000961468 
0.010192 -0.00444937 0.00547462 -0.00259309 0.00251199 0.0041651 0.00171051 0.00500921 -0.00742896 -0.0191369 -0.00046506 0.00687261 -0.00343137 0.00608957 0.00945045 -0.00146397 0.0127986 0.00833143 0.0045139 -0.00756285 0.00200758 -0.00210776 0.00603345 -0.00511007 -0.0141023 0.0131482 -0.00715874 -0.0133397 
0.00328628 0.0016785 -0.00150292 0.00417822 -0.00131522 -0.00126361 0.00276054 0.0070854 0.000539165 0.00780605 0.00293825 0.00613744 -0.00542537 0.00411784 0.00512615 0.00322988 -0.00333558 -0.00351642 -0.00625415 -0.0014897 -0.00269937 0.000897055 -0.00605306 -0.00868998 -0.00947333 0.000162931 0.00801798 -0.000259091 
0.00533898 -0.00599723 0.00289849 0.00764803 -0.0101633 0.00115892 0.000512808 -0.00150668 0.00210131 -0.00605321 0.00655057 -0.0115815 -0.00851889 -0.00224113 -0.00356162 0.00576315 -0.00869271 0.00371217 -0.00300695 -0.00339653 -0.00860113 -0.0024704 -0.00896122 -0.00666161 -0.000877314 -0.0122587 0.00749527 -0.00841468 
0.00636754 -0.00236374 -0.00314811 -0.011055 0.0109858 0.0124016 0.00644005 -0.00174642 -0.00345152 -0.00931058 0.00313347 0.0124673 0.00230225 0.00434987 0.0119564 -0.00540684 0.00783625 0.00817689 0.00240715 0.00122484 0.000714379 -0.00558461 -0.00484494 0.00222463 -0.000637508 0.00121607 0.00481837 0.00371278 
-0.00198653 0.00449969 0.00815757 -0.00747994 0.000472831 -0.00937911 0.00574339 0.00703929 -0.00867278 -0.00749213 0.00783459 0.0104899 0.0054986 -0.00318057 0.00756953 -0.00706763 0.00300231 0.00510818 -0.00164903 0.00875844 0.00142396 -0.0063103 -0.00755623 0.00368193 -0.00950828 0.0102743 -0.00528649 -0.008114 

W5:
0.00969529 0.00428427 -0.0374921 -0.00374241 0.0614091 -0.0128187 -0.0604407 0.0199395 0.00107428 -0.0186655 0.0246463 -0.0254171 -0.0150565 0.00136477 
0.0314333 -0.0230498 -0.143735 -0.0567935 0.272988 -0.0538794 -0.260314 0.0542646 0.0390872 -0.0367278 0.106631 -0.105487 -0.0952713 0.00726802 
0.112331 -0.0670414 -0.462867 -0.169426 0.824454 -0.185064 -0.806608 0.193333 0.125629 -0.126211 0.312009 -0.323693 -0.259581 0.0539845 
0.0128314 -0.0106873 -0.0873185 -0.0241468 0.149884 -0.0358962 -0.139934 0.040508 0.0332869 -0.0298251 0.0525221 -0.0655736 -0.0512201 0.0173283 
-0.0177943 0.00482929 0.0424461 0.0223594 -0.0812253 0.0156338 0.0954451 -0.0185997 -0.0131671 0.0156395 -0.0336116 0.0256341 0.0259492 -0.0061303 
-0.016941 0.0193606 0.116557 0.0393157 -0.210592 0.0467746 0.203941 -0.0549964 -0.0379799 0.0250492 -0.089716 0.0787778 0.0611906 -0.0220108 
-0.0985291 0.0684089 0.447128 0.163892 -0.78219 0.171222 0.766806 -0.188123 -0.125661 0.125567 -0.307417 0.311624 0.255452 -0.0396569 
0.00126933 -0.00483037 0.0111325 -0.0075528 0.00546711 0.000492819 0.00573313 0.00788659 0.00153029 -0.00234446 -0.00892844 0.00398205 0.00563367 0.00901542 
-0.0898567 0.0526752 0.402912 0.143291 -0.727446 0.163923 0.710416 -0.169617 -0.105925 0.108689 -0.270628 0.27905 0.230335 -0.0403462 
-0.023404 0.0177059 0.123882 0.0506532 -0.224469 0.0420406 0.215189 -0.0382728 -0.0301374 0.0285061 -0.072496 0.0813259 0.060951 -0.00487168 
0.0689896 -0.0410356 -0.30725 -0.115083 0.566205 -0.115069 -0.541322 0.124056 0.0981515 -0.092583 0.203704 -0.21252 -0.183411 0.0340819 
0.104235 -0.0647606 -0.409009 -0.151794 0.756543 -0.170965 -0.731839 0.169696 0.12241 -0.124995 0.286196 -0.29615 -0.248061 0.0303558 
0.122732 -0.0717795 -0.494818 -0.178516 0.90111 -0.203812 -0.876679 0.215097 0.14868 -0.137772 0.335364 -0.350904 -0.286086 0.0474609 
0.0392725 -0.0329887 -0.195363 -0.0748138 0.370634 -0.0799978 -0.362863 0.0859674 0.0503451 -0.0556742 0.132215 -0.143013 -0.118693 0.0118158 
-0.0471488 0.0353171 0.225547 0.0812999 -0.39913 0.0849331 0.387369 -0.084231 -0.0687792 0.0646719 -0.155002 0.161299 0.121756 -0.0299936 
-0.0609647 0.0437104 0.235121 0.085736 -0.416518 0.0892727 0.395875 -0.0941942 -0.0629876 0.0558152 -0.158435 0.152775 0.126549 -0.0174536 
0.027965 -0.0185979 -0.0832291 -0.0253327 0.136346 -0.0393985 -0.125989 0.0386607 0.0178945 -0.0229926 0.0439334 -0.0575154 -0.0367924 0.0110048 
-0.0982594 0.0763644 0.450585 0.161872 -0.808415 0.187267 0.788768 -0.182186 -0.137595 0.11498 -0.3075 0.325756 0.265713 -0.0450494 
-0.0694451 0.0554603 0.332503 0.119039 -0.614594 0.144468 0.582358 -0.139132 -0.0909008 0.08975 -0.230768 0.233831 0.188355 -0.0325381 
0.1029 -0.0741338 -0.448754 -0.158222 0.795995 -0.176576 -0.780498 0.179293 0.126772 -0.119733 0.309535 -0.302669 -0.259767 0.053838 
-0.0520521 0.0335434 0.199256 0.0785134 -0.364165 0.0780207 0.337557 -0.0761307 -0.0540291 0.052516 -0.126836 0.134611 0.112381 -0.0188641 
0.0243131 -0.0170475 -0.0692959 -0.0204977 0.118804 -0.0170604 -0.126278 0.0230661 0.0184202 -0.0106639 0.0519058 -0.0417379 -0.0410956 0.0188162 
-0.0475923 0.0289444 0.175853 0.0753608 -0.323241 0.0773802 0.321049 -0.0824289 -0.0482158 0.0469603 -0.126134 0.132907 0.100802 -0.0208644 
0.0781905 -0.0532029 -0.325597 -0.109513 0.579235 -0.13243 -0.564788 0.142208 0.0858738 -0.0805938 0.224752 -0.232958 -0.195698 0.0359327 
0.084022 -0.0462123 -0.390173 -0.133056 0.682311 -0.145399 -0.669159 0.15407 0.117352 -0.0955191 0.259812 -0.264577 -0.216115 0.0467944 
0.0212037 -0.0260375 -0.107874 -0.0448583 0.204767 -0.0417012 -0.197642 0.0373901 0.040076 -0.0311863 0.0739785 -0.0828931 -0.0557899 0.0133385 
0.055675 -0.0216875 -0.208946 -0.0696215 0.364549 -0.0835944 -0.348887 0.0846773 0.0652842 -0.0444911 0.133494 -0.144325 -0.116011 0.0261339 
0.0829371 -0.0435715 -0.329809 -0.128416 0.58235 -0.137324 -0.573275 0.135827 0.102203 -0.0925177 0.216939 -0.23667 -0.189791 0.0374517 

W6:
-9.48241 -12.0753 -13.8951 -12.5835 -28.291 -17.0057 -14.0426 -15.751 -5.12414 
5.86379 7.48649 8.6058 7.78779 17.5174 10.5303 8.70123 9.74034 3.17354 
4.09475 5.14992 5.89546 5.36954 11.616 7.13419 5.94288 6.62681 2.27786 
-2.32429 -2.994 -3.46378 -3.11954 -7.24325 -4.29401 -3.50357 -3.94983 -1.22625 
-2.46831 -3.00664 -3.37029 -3.11826 -6.13939 -3.96647 -3.39573 -3.73048 -1.44149 
11.8612 15.1169 17.4033 15.7574 35.3643 21.294 17.5733 19.7004 6.42396 
-1.67853 -2.28861 -2.72002 -2.40323 -6.29067 -3.51621 -2.7752 -3.17221 -0.790757 
9.92625 12.7207 14.665 13.244 30.1071 18.0045 14.8118 16.631 5.3243 
6.34647 8.11809 9.366 8.45635 19.2452 11.517 9.4695 10.6429 3.40412 
9.69861 12.3667 14.2108 12.8641 28.9239 17.395 14.3672 16.1035 5.2479 
11.9882 15.3829 17.7426 16.0283 36.5051 21.7991 17.9495 20.1394 6.43064 
-4.50215 -5.82677 -6.72443 -6.06229 -14.0295 -8.32188 -6.81985 -7.67084 -2.37651 
-8.66362 -11.1072 -12.8115 -11.5811 -26.4144 -15.7588 -12.961 -14.5588 -4.62715 
11.3278 14.4655 16.6695 15.0756 34.0616 20.4375 16.8467 18.8914 6.08952 

Biases:
-0.0021 0.0002 0.0049 -0.0038 0.0073 -0.0072 0.0005 0.0008 0.0064 
-0.0048 -0.0098 -0.0096 0.0065 -0.0026 0.0061 -0.0046 0.007 -0.0052 -0.0094 -0.004 0.0031 -0.0087 0.0098 0.0023 0.0053 
0.0017 -0.00859999 0.00729999 0.0028 -0.0032 0.00599999 0.00619999 -0.0018 0.0047 0.0035 0.00769999 -0.0023 0.003 -0.00429999 -0.000399998 -0.0035 0.00849999 -0.0087 -0.000700001 0.000699987 -0.0016 -0.000299997 -0.00709999 -0.0094 0.0042 
0.00139996 -0.00200012 0.00670005 -0.00230005 -0.00940017 -0.00830021 -0.00760015 -0.00420006 -0.00430005 0.000899984 -0.00109996 -0.00849999 -0.00540025 -0.00260002 0.00149991 0.0028 -0.00630016 0.00960011 -0.00910007 0.00900025 -0.00870015 -0.00150005 0.00109995 -0.00220006 0.00359998 0.000900031 -0.00490004 0.00770026 0.00720008 -0.00240002 0.00720008 -0.00970014 -0.000700024 0.00369991 -0.005 -0.000499902 
-0.000599834 -0.00259872 -0.00859641 -0.00149919 0.000999628 0.0023987 0.00819639 0.000299999 0.00739687 0.0022993 -0.0058975 -0.00769694 -0.00959614 -0.00379847 0.00409817 0.00429839 -0.00109974 0.00849634 0.00639749 -0.0081964 0.00369871 -0.00149926 0.00329851 -0.00599727 -0.00719671 -0.00229917 -0.00369834 -0.00619745 
-0.00690869 0.00430538 0.00290374 -0.00170215 -0.0019022 0.0088109 -0.00120162 0.00760914 0.00510585 0.00730889 0.00901106 -0.0037042 -0.00640798 0.00871043 
-0.00140046 0.00750001 -0.00409966 -0.00449993 0.00259931 0.00100086 0.00920039 -0.00809934 0.00399935 